0 0.9825840336134455 0.8489705882352941 0.03457983193277318 0.03760504201680667
0 0.9735294117647059 0.3531512605042017 0.035294117647058726 0.03487394957983198
0 0.8404621848739496 0.5573109243697478 0.0361344537815127 0.03655462184873945
0 0.526953781512605 0.5806302521008403 0.03121848739495795 0.03277310924369753
0 0.5163865546218487 0.22012605042016806 0.04285714285714281 0.037815126050420166
0 0.19365546218487398 0.5640336134453782 0.03571428571428571 0.03277310924369753
0 0.15357142857142855 0.9149159663865546 0.039075630252100826 0.03487394957983198
0 0.35378151260504204 0.962983193277311 0.03529411764705885 0.03739495798319318
0 0.788235294117647 0.09663865546218488 0.04117647058823534 0.038655462184873965
0 0.253781512605042 0.14684873949579832 0.027731092436974768 0.023949579831932785
0 0.09798319327731092 0.4447478991596639 0.026470588235294107 0.02689075630252103
0 0.282436974789916 0.451890756302521 0.03319327731092439 0.029411764705882353
0 0.8694537815126051 0.41815126050420165 0.030672268907563072 0.03109243697478994
0 0.7136344537815126 0.2957983193277311 0.026428571428571513 0.026470588235294166
0 0.788655462184874 0.2648109243697479 0.036974789915966436 0.03592436974789915
0 0.298046218487395 0.02451680672268907 0.03735294117647053 0.039705882352941174
0 0.2711764705882353 0.31745798319327734 0.03243697478991596 0.03046218487394958
0 0.0411764705882353 0.6256512605042017 0.06218487394957984 0.06046218487394952
0 0.5800210084033612 0.393781512605042 0.06701680672268903 0.06907563025210083
0 0.6550630252100841 0.1661134453781513 0.06323529411764711 0.062478991596638674
0 0.9698319327731092 0.15659663865546217 0.058655462184873865 0.06016806722689074
0 0.3889495798319328 0.16968487394957982 0.06260504201680675 0.05802521008403362
0 0.6781932773109244 0.9002941176470589 0.05731092436974784 0.05831932773109242
0 0.506890756302521 0.8398949579831934 0.07084033613445384 0.07197478991596637
0 0.6940546218487395 0.5526050420168066 0.05794117647058832 0.060504201680672234
0 0.8807352941176471 0.3552521008403362 0.05953781512605049 0.05983193277310928
0 0.16380252100840337 0.2427731092436975 0.06600840336134456 0.06386554621848738
0 0.34025210084033614 0.46201680672268913 0.0712605042016807 0.07243697478991601