0 0.4486792452830189 0.41891509433962265 0.08811320754716985 0.08311320754716983
0 0.9437264150943396 0.35750000000000004 0.03396226415094334 0.029716981132075524
0 0.8197169811320755 0.27202830188679245 0.03537735849056604 0.03490566037735852
0 0.16353773584905662 0.6944811320754717 0.03584905660377358 0.03867924528301882
0 0.8828066037735849 0.6404245283018867 0.08816037735849055 0.08254716981132075
0 0.2225 0.10806603773584905 0.03537735849056604 0.031603773584905674
0 0.08877358490566038 0.28471698113207544 0.07575471698113209 0.06726415094339622
0 0.5285849056603773 0.6407075471698114 0.050471698113207494 0.050943396226415145
0 0.9153537735849057 0.5238679245283019 0.07042452830188682 0.06584905660377362
0 0.5731367924528301 0.3685377358490566 0.038820754716981085 0.03669811320754718
0 0.06745283018867924 0.9877358490566038 0.08603773584905659 0.0245283018867924
0 0.6942924528301887 0.18061320754716984 0.04245283018867924 0.04433962264150946
0 0.8105896226415095 0.02358490566037736 0.032594339622641626 0.032075471698113214
0 0.7058490566037735 0.051415094339622644 0.031603773584905605 0.032075471698113214
0 0.1908018867924528 0.7739150943396226 0.03443396226415093 0.03424528301886788