0 0.16229268292682925 0.5167619047619048 0.03170731707317073 0.02666666666666664
0 0.4221951219512195 0.5104285714285715 0.04097560975609759 0.03619047619047616
0 0.9392439024390244 0.3246428571428571 0.048341463414634266 0.04747619047619047
0 0.6201219512195122 0.2798809523809524 0.0524390243902439 0.05166666666666667
0 0.36804878048780487 0.373047619047619 0.0419512195121951 0.03666666666666661
0 0.405560975609756 0.07190476190476192 0.05190243902439018 0.04704761904761906
0 0.5554634146341464 0.21052380952380953 0.038536585365853686 0.04000000000000003
0 0.36097560975609755 0.45219047619047614 0.040195121951219555 0.03723809523809521
0 0.6197560975609755 0.14373809523809525 0.04907317073170726 0.04538095238095238
0 0.7579999999999999 0.0984047619047619 0.06048780487804867 0.0531904761904762
0 0.6308536585365853 0.0670952380952381 0.05624390243902433 0.05104761904761904
0 0.14241463414634145 0.5478095238095239 0.04492682926829267 0.03971428571428573
0 0.6881951219512196 0.5593333333333333 0.0435121951219513 0.03885714285714284
0 0.32795121951219514 0.24614285714285714 0.06019512195121953 0.05819047619047619
0 0.2233170731707317 0.19576190476190475 0.049756097560975626 0.046190476190476205
0 0.5190243902439025 0.3863809523809524 0.03121951219512198 0.030952380952380953
0 0.4687804878048781 0.35450000000000004 0.03121951219512198 0.025285714285714297
0 0.6817560975609755 0.37290476190476185 0.03121951219512184 0.02952380952380947
0 0.7305365853658536 0.3657619047619048 0.03121951219512184 0.030476190476190504
0 0.7685853658536586 0.36242857142857143 0.028292682926829325 0.02666666666666664
0 0.7513170731707317 0.44957142857142857 0.03317073170731713 0.0314285714285714
0 0.36560975609756097 0.5372857142857144 0.032195121951219485 0.03476190476190481
0 0.018073170731707316 0.12657142857142856 0.03614634146341463 0.03714285714285713
0 0.9046829268292683 0.12657142857142858 0.03756097560975604 0.036190476190476197
0 0.6636585365853659 0.2296190476190476 0.047804878048780544 0.043809523809523826
0 0.46234146341463417 0.42219047619047617 0.047804878048780544 0.046190476190476136
0 0.25478048780487805 0.4969523809523809 0.041463414634146344 0.03761904761904765
0 0.0562439024390244 0.3474761904761905 0.04585365853658536 0.05
0 0.9589512195121952 0.17800000000000002 0.03497560975609764 0.02809523809523812
0 0.9493414634146342 0.1987142857142857 0.029804878048780556 0.027619047619047606
0 0.870341463414634 0.2265952380952381 0.03756097560975604 0.03280952380952381
0 0.49034146341463414 0.2168095238095238 0.036585365853658534 0.03523809523809526
0 0.39214634146341465 0.25557142857142856 0.03121951219512198 0.031904761904761915
0 0.408780487804878 0.41928571428571426 0.03609756097560978 0.030952380952380953
0 0.16312195121951217 0.43447619047619046 0.034634146341463404 0.03190476190476185
0 0.5867560975609756 0.4181904761904762 0.054780487804878 0.05457142857142861
0 0.6474146341463415 0.4874523809523809 0.04936585365853661 0.04642857142857143
0 0.8389268292682928 0.4256190476190476 0.0435121951219513 0.04114285714285708
0 0.4854146341463414 0.5670238095238095 0.05492682926829264 0.05119047619047619
0 0.0795121951219512 0.20323809523809525 0.05219512195121952 0.047619047619047616
0 0.13390243902439025 0.133 0.046829268292682934 0.050952380952380964
0 0.7120975609756098 0.3173095238095238 0.04536585365853664 0.04623809523809527
0 0.821609756097561 0.13942857142857143 0.05170731707317084 0.04190476190476189
0 0.833170731707317 0.276 0.03853658536585355 0.03523809523809526
0 0.021707317073170734 0.5726666666666667 0.03804878048780487 0.03333333333333333
0 0.21878048780487805 0.3874285714285714 0.03414634146341464 0.03428571428571423
0 0.904390243902439 0.06099999999999999 0.03170731707317073 0.03142857142857144
0 0.9242926829268293 0.45604761904761904 0.043804878048780575 0.04142857142857138
0 0.32009756097560976 0.15557142857142858 0.05658536585365851 0.05371428571428572
0 0.5269512195121951 0.11304761904761906 0.04892682926829269 0.046666666666666655
0 0.9115121951219511 0.22604761904761905 0.02536585365853653 0.022857142857142843
0 0.0737560975609756 0.09895238095238096 0.027804878048780485 0.026095238095238116
0 0.7622439024390244 0.2383333333333333 0.036585365853658534 0.03333333333333333
0 0.8236097560975608 0.3365714285714286 0.03121951219512184 0.02857142857142857