0 0.9387931034482758 0.09936363636363636 0.12241379310344817 0.048545454545454544
0 0.9531034482758621 0.17081818181818184 0.09379310344827582 0.03981818181818184
0 0.5378448275862069 0.36886363636363634 0.15189655172413796 0.04363636363636361
0 0.7474137931034484 0.03554545454545455 0.14655172413793102 0.038636363636363635
0 0.45189655172413795 0.6404545454545454 0.1879310344827586 0.04954545454545444
0 0.7005172413793103 0.5546590909090908 0.18517241379310337 0.04977272727272722
0 0.7124137931034483 0.9054090909090909 0.14655172413793102 0.03636363636363636
0 0.4212068965517241 0.7657045454545455 0.16379310344827586 0.04740909090909094
0 0.41724137931034483 0.0900909090909091 0.16551724137931037 0.04136363636363637
0 0.8336206896551724 0.7038636363636364 0.15000000000000005 0.04681818181818187
0 0.3184482758620689 0.8928863636363636 0.15517241379310345 0.04140909090909097
0 0.08844827586206896 0.2909090909090909 0.17689655172413793 0.07545454545454543