0 0.11701421800947868 0.03527027027027027 0.03838862559241707 0.034684684684684684
0 0.7038151658767773 0.4649549549549549 0.10601895734597158 0.09072072072072065
0 0.21443127962085307 0.13984234234234236 0.11227488151658767 0.10536036036036037
0 0.07808056872037915 0.3890315315315315 0.05729857819905214 0.05436936936936934
0 0.12959715639810426 0.9622522522522523 0.06545023696682464 0.05747747747747744
0 0.7210900473933649 0.1403153153153153 0.048815165876777304 0.04639639639639638
0 0.1638388625592417 0.36274774774774776 0.054028436018957356 0.05270270270270265
0 0.1543127962085308 0.6819369369369369 0.054028436018957356 0.04234234234234224
0 0.5974407582938389 0.2536486486486486 0.04028436018957346 0.03963963963963963
0 0.6274881516587678 0.04860360360360361 0.03459715639810432 0.03243243243243243
0 0.3437914691943128 0.023108108108108108 0.03933649289099531 0.03513513513513513
0 0.012654028436018957 0.26635135135135135 0.025308056872037913 0.03720720720720723
0 0.6457819905213271 0.22166666666666668 0.03838862559241717 0.03513513513513512
0 0.46850710900473935 0.032004504504504504 0.11123222748815165 0.06400900900900901
0 0.9820142180094786 0.41939189189189185 0.03597156398104254 0.04959459459459455
0 0.301042654028436 0.5881306306306306 0.1309004739336493 0.11355855855855854
0 0.10545023696682465 0.5072072072072072 0.03270142180094786 0.030630630630630682