0 0.8052272727272726 0.5897727272727272 0.058636363636363535 0.06227272727272722
0 0.7591818181818182 0.9479772727272727 0.14372727272727276 0.10404545454545448
0 0.48977272727272725 0.02011363636363636 0.11672727272727276 0.04022727272727272
0 0.22972727272727275 0.896431818181818 0.129 0.13168181818181832
0 0.06102272727272728 0.6220227272727272 0.12204545454545455 0.12431818181818186
0 0.3493181818181818 0.5349999999999999 0.03681818181818179 0.032727272727272674
0 0.22240909090909092 0.35315909090909087 0.11972727272727274 0.12613636363636363
0 0.7049090909090908 0.2329772727272727 0.13809090909090907 0.13995454545454541
0 0.5980909090909091 0.5967272727272728 0.1233636363636363 0.1141818181818182
0 0.1101590909090909 0.2255909090909091 0.06695454545454547 0.060636363636363655
0 0.4409090909090909 0.5336363636363637 0.05818181818181823 0.05818181818181823