0 0.9613392857142856 0.6159375 0.03303571428571418 0.03214285714285709
0 0.02252232142857143 0.5289285714285714 0.044955357142857144 0.09410714285714279
0 0.7725892857142858 0.6260267857142857 0.061250000000000124 0.05580357142857143
0 0.12316964285714284 0.4769419642857143 0.04401785714285712 0.04540178571428566
0 0.3702008928571429 0.8629017857142858 0.08825892857142861 0.08473214285714294
0 0.8855803571428572 0.9248214285714286 0.0786607142857143 0.0741964285714286
0 0.8791741071428572 0.7489285714285714 0.09290178571428573 0.08741071428571422
0 0.036852678571428564 0.10933035714285715 0.07352678571428571 0.0930357142857143
0 0.24933035714285715 0.1136607142857143 0.08794642857142858 0.09642857142857145
0 0.6483035714285714 0.3360044642857143 0.08196428571428578 0.08459821428571423
0 0.45236607142857144 0.3584821428571429 0.10464285714285713 0.10276785714285719
0 0.6352008928571429 0.7453571428571429 0.08852678571428564 0.08928571428571429
0 0.24279017857142857 0.6102678571428571 0.08308035714285714 0.08285714285714287
0 0.3102232142857143 0.4161160714285715 0.07116071428571427 0.06946428571428573
0 0.505 0.5599999999999999 0.08357142857142856 0.08232142857142856
0 0.8084821428571429 0.38944196428571426 0.06241071428571437 0.06308035714285712
0 0.8822767857142857 0.06765625 0.06901785714285705 0.06727678571428572
0 0.42850446428571426 0.029575892857142856 0.07620535714285712 0.05915178571428571
0 0.9352901785714286 0.3650892857142857 0.0785267857142856 0.0786607142857143
0 0.5560267857142858 0.06 0.032142857142857154 0.03214285714285714
0 0.25491071428571427 0.771875 0.04196428571428574 0.03571428571428571
0 0.6834821428571428 0.98671875 0.06696428571428571 0.02656249999999995
0 0.5696428571428571 0.5265178571428571 0.028124999999999987 0.025892857142857193
0 0.13299107142857142 0.7914285714285715 0.03883928571428573 0.03705357142857148
0 0.0865625 0.8429910714285714 0.03973214285714285 0.039285714285714333
0 0.10513392857142857 0.3334151785714286 0.029910714285714297 0.02772321428571432
0 0.0830357142857143 0.3642633928571429 0.04017857142857143 0.04111607142857147
0 0.49580357142857145 0.8790178571428572 0.060714285714285686 0.05044642857142862
0 0.6260267857142858 0.5639955357142857 0.053482142857142936 0.051830357142857206