0 0.41788990825688077 0.31988532110091744 0.08899082568807343 0.08949541284403668
0 0.8041284403669725 0.9770183486238533 0.08449541284403678 0.045871559633027525
0 0.9049311926605504 0.5848623853211009 0.07426605504587155 0.07165137614678901
0 0.5133256880733945 0.6162155963302752 0.07527522935779815 0.07133027522935785
0 0.24311926605504589 0.9655963302752294 0.0779816513761468 0.06880733944954129
0 0.9620183486238532 0.8708027522935781 0.07596330275229358 0.07766055045871563
0 0.7198394495412843 0.7814678899082568 0.09041284403669715 0.08348623853211004
0 0.6447018348623854 0.20722477064220182 0.08077981651376152 0.07600917431192658
0 0.1496330275229358 0.809105504587156 0.07614678899082568 0.07472477064220193
0 0.4183715596330276 0.8543807339449543 0.08738532110091748 0.08674311926605516
0 0.6312844036697248 0.5065366972477064 0.08477064220183494 0.07876146788990833
0 0.3246559633027523 0.6161467889908256 0.09582568807339446 0.09853211009174313
0 0.02176605504587156 0.5509633027522935 0.043440366972477065 0.08532110091743117
0 0.8599311926605505 0.35901376146788994 0.05444954128440369 0.05169724770642207
0 0.029311926605504586 0.8071559633027523 0.04477064220183486 0.04477064220183482
0 0.4760321100917431 0.18938073394495414 0.04995412844036691 0.04986238532110094
0 0.13105504587155964 0.1848623853211009 0.027981651376146794 0.028899082568807327
0 0.11474770642201836 0.18139908256880735 0.03399082568807338 0.03215596330275232
0 0.3967889908256881 0.08371559633027523 0.04678899082568802 0.04357798165137615
0 0.4562385321100917 0.7027064220183487 0.03990825688073389 0.04174311926605515
0 0.10371559633027523 0.43105504587155963 0.04495412844036696 0.05183486238532115
0 0.7179357798165137 0.6556422018348624 0.033944954128440265 0.030733944954128387
0 0.7458715596330275 0.5926605504587156 0.03302752293577976 0.03211009174311927
0 0.9749082568807339 0.05729357798165137 0.03348623853211014 0.03394495412844036
0 0.015711009174311927 0.9329357798165138 0.031422018348623855 0.03669724770642202
0 0.4020642201834862 0.598394495412844 0.030733944954128387 0.03165137614678895
0 0.6363302752293578 0.866467889908257 0.05504587155963303 0.04862385321100928
0 0.09541284403669725 0.653256880733945 0.05504587155963303 0.0582568807339449
0 0.7597706422018349 0.15091743119266054 0.038073394495412895 0.034862385321100905
0 0.7166972477064221 0.193348623853211 0.031743119266055116 0.030733944954128452
0 0.43779816513761466 0.4410091743119266 0.03486238532110089 0.03669724770642202
0 0.5772477064220184 0.34339449541284406 0.03532110091743121 0.03486238532110089
0 0.6038990825688073 0.12711009174311927 0.06146788990825684 0.05642201834862384
0 0.558302752293578 0.8247247706422018 0.05137614678899077 0.05045871559633028
0 0.3293577981651376 0.22103211009174312 0.045871559633027525 0.043073394495412844