0 0.8363169642857143 0.8305660377358491 0.06950892857142854 0.06924528301886795
0 0.38571428571428573 0.40212264150943394 0.04375000000000005 0.04481132075471698
0 0.23066964285714286 0.4436320754716981 0.029017857142857144 0.02924528301886787
0 0.15906250000000002 0.48419811320754713 0.032142857142857154 0.031132075471698085
0 0.01234375 0.4973820754716981 0.0246875 0.037783018867924484
0 0.3877232142857143 0.6724056603773584 0.02812500000000005 0.027830188679245176
0 0.29723214285714283 0.6944339622641509 0.028125000000000018 0.02924528301886787
0 0.7189732142857143 0.5893867924528302 0.021874999999999898 0.025000000000000053
0 0.32955357142857145 0.9790094339622643 0.03035714285714291 0.029716981132075524
0 0.7035267857142857 0.8549056603773585 0.020089285714285716 0.021698113207547276
0 0.9470535714285714 0.9039150943396226 0.023214285714285663 0.026886792452830134
0 0.8517410714285715 0.9121698113207547 0.027232142857142958 0.02924528301886787
0 0.21638392857142857 0.47028301886792456 0.024553571428571428 0.02405660377358488
0 0.17933035714285714 0.3856132075471698 0.023660714285714275 0.0245283018867924
0 0.16794642857142855 0.6042452830188679 0.02946428571428569 0.029716981132075524
0 0.23660714285714285 0.6794339622641511 0.04642857142857145 0.045283018867924636
0 0.6439732142857143 0.5198349056603774 0.06374999999999988 0.06721698113207547
0 0.4790625 0.4747405660377359 0.0591071428571429 0.057594339622641544
0 0.8013839285714285 0.5471226415094339 0.05580357142857143 0.05603773584905658
0 0.10178571428571428 0.42905660377358495 0.06098214285714287 0.06452830188679248
0 0.09709821428571429 0.7630896226415095 0.08035714285714286 0.07966981132075465
0 0.060267857142857144 0.9669811320754716 0.07142857142857142 0.0660377358490566
0 0.49421875 0.9361556603773585 0.06834821428571429 0.0689150943396227
0 0.6236160714285715 0.811933962264151 0.06366071428571425 0.0667924528301888