0 0.7182178217821783 0.47639303482587064 0.031188118811881244 0.031293532338308415
0 0.4511386138613861 0.35751243781094527 0.027227722772277228 0.026865671641791072
0 0.16539603960396038 0.3200497512437811 0.027227722772277228 0.02636815920398012
0 0.3183168316831683 0.6247761194029849 0.034653465346534656 0.0348258706467661
0 0.09081683168316831 0.8193532338308458 0.02826732673267327 0.028358208955223823
0 0.8505445544554455 0.7490796019900497 0.03861386138613867 0.03587064676616905
0 0.7150990099009902 0.6061194029850746 0.032673267326732786 0.028358208955223823
0 0.14366336633663365 0.665771144278607 0.034158415841584154 0.03233830845771144
0 0.11054455445544553 0.9862437810945273 0.036633663366336625 0.027512437810945138
0 0.3620544554455445 0.7594776119402985 0.060544554455445494 0.05805970149253739
0 0.11004950495049504 0.9014179104477612 0.06019801980198018 0.06004975124378106
0 0.3939356435643564 0.868731343283582 0.06301980198019796 0.0594527363184079
0 0.9164603960396039 0.8492537313432836 0.05391089108910884 0.052139303482587156
0 0.01891089108910891 0.897189054726368 0.03782178217821782 0.04890547263681584
0 0.21905940594059406 0.8343532338308457 0.054554455445544534 0.05258706467661688
0 0.8188366336633663 0.7771641791044775 0.04935643564356449 0.046467661691542164
0 0.07898514851485147 0.716865671641791 0.057475247524752464 0.05691542288557213
0 0.4098514851485149 0.6435074626865671 0.05732673267326739 0.05935323383084581
0 0.514430693069307 0.751592039800995 0.05212871287128713 0.05194029850746267
0 0.8198762376237624 0.9459452736318409 0.06193069306930689 0.06174129353233843
0 0.27611386138613864 0.9464427860696517 0.05628712871287131 0.05606965174129344
0 0.2443811881188119 0.7067412935323384 0.049653465346534656 0.048507462686567165
0 0.6809158415841583 0.9758457711442785 0.058861386138613796 0.04830845771144268
0 0.6539108910891089 0.8270646766169155 0.047227722772277256 0.04746268656716428
0 0.9431188118811882 0.7345522388059702 0.050000000000000114 0.046318407960199016
0 0.8175742574257426 0.5910696517412934 0.052871287128712904 0.052089552238805965
0 0.616559405940594 0.7088805970149255 0.05282178217821783 0.05119402985074637
0 0.9537376237623763 0.5856716417910448 0.05301980198019792 0.050149253731343345
0 0.8268316831683169 0.8585074626865672 0.03980198019801991 0.03323383084577118
0 0.6606435643564356 0.5964925373134329 0.05019801980198013 0.05189054726368163
0 0.3238861386138614 0.8522885572139304 0.03252475247524749 0.0328358208955225
0 0.15792079207920792 0.733731343283582 0.04069306930693069 0.03761194029850747
0 0.6060643564356436 0.3353482587064677 0.04410891089108909 0.04014925373134325
0 0.2122772277227723 0.9583582089552238 0.03346534653465349 0.03731343283582089
0 0.7298019801980198 0.775547263681592 0.03356435643564343 0.03109452736318408
0 0.6082673267326733 0.3946019900497512 0.03930693069306929 0.037064676616915364
0 0.4239108910891089 0.9859950248756219 0.0297029702970297 0.028009950248756195
0 0.6721782178217822 0.8976119402985074 0.03217821782178218 0.03233830845771144
0 0.966980198019802 0.8966169154228856 0.030693069306930637 0.02935323383084566
0 0.8860396039603959 0.9287064676616916 0.033168316831683115 0.033830845771144334
0 0.7563366336633663 0.9702487562189055 0.03514851485148526 0.03631840796019906
0 0.7558415841584158 0.687910447761194 0.04702970297029703 0.04776119402985086
0 0.6375247524752475 0.7772139303482587 0.031188118811881244 0.03134328358208961
0 0.5714356435643565 0.8532835820895522 0.034653465346534656 0.03432835820895511
0 0.8179702970297029 0.4761691542288557 0.034653465346534656 0.03482587064676617
0 0.9331930693069307 0.3526616915422885 0.04153465346534647 0.037960199004975104
0 0.8626732673267327 0.33248756218905473 0.044059405940593946 0.04079601990049749
0 0.09366336633663368 0.4709452736318408 0.0391089108910891 0.03731343283582089
0 0.04391089108910891 0.5465671641791044 0.05544554455445544 0.06318407960198999
0 0.01353960396039604 0.38338308457711445 0.02707920792079208 0.03134328358208961
0 0.5413366336633663 0.3828358208955224 0.03217821782178218 0.03233830845771144
0 0.7281188118811882 0.30681592039801 0.041089108910891146 0.028358208955223858
0 0.017524752475247526 0.20855721393034823 0.02772277227722772 0.02537313432835818
0 0.10811881188118812 0.25407960199004975 0.02772277227722773 0.029850746268656716
0 0.22495049504950493 0.2986069651741293 0.0287128712871287 0.030348258706467634
0 0.20465346534653467 0.3799502487562189 0.024752475247524754 0.02388059701492543
0 0.3156930693069307 0.34263681592039796 0.030990099009901014 0.030845771144278552
0 0.40589108910891086 0.25159203980099504 0.033168316831683115 0.03184079601990052
0 0.3751732673267327 0.4836069651741293 0.035495049504950436 0.03199004975124382