0 0.5513106796116505 0.29902912621359223 0.03398058252427184 0.035436893203883484
0 0.5051941747572816 0.4652912621359223 0.03495145631067956 0.03398058252427184
0 0.3067961165048544 0.9635922330097088 0.03495145631067959 0.03300970873786413
0 0.07893203883495145 0.6610194174757281 0.03640776699029126 0.03155339805825243
0 0.43305825242718443 0.6875242718446601 0.032038834951456284 0.03009708737864072
0 0.7375970873786407 0.9733252427184466 0.08383495145631059 0.05334951456310684
0 0.9770388349514564 0.3191747572815534 0.03203883495145642 0.02912621359223301
0 0.34257281553398056 0.33152912621359226 0.08563106796116501 0.08286407766990288
0 0.2022572815533981 0.6561165048543689 0.09189320388349517 0.0985436893203884
0 0.16480582524271847 0.9084951456310678 0.030582524271844647 0.028640776699029015
0 0.5984951456310679 0.5663349514563107 0.08572815533980588 0.09024271844660196
0 0.8545145631067961 0.5096601941747573 0.08368932038834956 0.07815533980582522
0 0.6989320388349514 0.25048543689320385 0.08563106796116499 0.07922330097087375
0 0.02970873786407767 0.42038834951456316 0.05941747572815534 0.0985436893203884
0 0.20364077669902914 0.27354368932038836 0.03349514563106799 0.030582524271844647
0 0.532621359223301 0.11067961165048544 0.027184466019417448 0.027669902912621374