0 0.7276754385964912 0.29892543859649123 0.12675438596491218 0.11407894736842104
0 0.44807017543859645 0.8865350877192983 0.052192982456140374 0.04868421052631589
0 0.17859649122807017 0.5800438596491229 0.02763157894736841 0.028947368421052732
0 0.9606359649122808 0.13394736842105262 0.07872807017543855 0.07859649122807018
0 0.7262061403508772 0.49467105263157896 0.05872807017543854 0.0467105263157895
0 0.28438596491228074 0.778969298245614 0.04745614035087716 0.04521929824561405
0 0.8904385964912281 0.4238157894736842 0.06140350877192982 0.05228070175438591
0 0.6370614035087719 0.020460526315789474 0.04728070175438585 0.04092105263157895
0 0.9780701754385965 0.618421052631579 0.043859649122807015 0.08771929824561403
0 0.08651315789473685 0.07109649122807019 0.09890350877192981 0.08096491228070175
0 0.379671052631579 0.6597587719298245 0.11864035087719303 0.11407894736842102
0 0.8314254385964912 0.9635745614035087 0.09048245614035086 0.07100877192982455
0 0.2933991228070175 0.9491228070175439 0.11749999999999997 0.10175438596491224
0 0.4314912280701754 0.3145833333333333 0.09517543859649118 0.08600877192982459
0 0.03151315789473684 0.635328947368421 0.06302631578947368 0.06969298245614029
0 0.23157894736842108 0.48412280701754384 0.029385964912280713 0.02850877192982456
0 0.1061842105263158 0.9835964912280702 0.02894736842105264 0.028421052631579027
0 0.4589912280701754 0.04872807017543859 0.042105263157894715 0.0425438596491228
0 0.7709868421052631 0.7255921052631578 0.02381578947368424 0.02425438596491216
0 0.09508771929824561 0.7670175438596493 0.02894736842105264 0.028947368421052732
0 0.2673464912280702 0.10199561403508771 0.06706140350877189 0.0644298245614035
0 0.2761842105263158 0.2828508771929825 0.038157894736842085 0.03508771929824561
0 0.16173245614035087 0.47594298245614036 0.023903508771929836 0.02267543859649117