0 0.38425000000000004 0.5021590909090909 0.04668181818181823 0.04695454545454551
0 0.7575909090909092 0.8251363636363637 0.044545454545454596 0.039545454545454495
0 0.13268181818181818 0.702 0.033181818181818167 0.03136363636363626
0 0.23863636363636365 0.49549999999999994 0.04818181818181816 0.04363636363636361
0 0.10538636363636363 0.98725 0.03868181818181817 0.02550000000000006
0 0.3605909090909091 0.7587272727272728 0.04818181818181816 0.05045454545454556
0 0.24904545454545457 0.6292727272727273 0.03136363636363639 0.02772727272727283
0 0.4276818181818182 0.562 0.026818181818181845 0.0277272727272727
0 0.6472272727272727 0.5654090909090909 0.026818181818181713 0.02454545454545457
0 0.9339772727272728 0.6428863636363636 0.044500000000000095 0.044500000000000095
0 0.6381363636363636 0.33881818181818185 0.026818181818181713 0.033181818181818236
0 0.9853863636363637 0.5761818181818181 0.029227272727272758 0.0363636363636363
0 0.6593181818181819 0.9513636363636364 0.032272727272727376 0.031818181818181815
0 0.30486363636363634 0.3050227272727273 0.03636363636363636 0.03086363636363636
0 0.5895 0.3460909090909091 0.030454545454545404 0.030454545454545404
0 0.5580909090909091 0.10143181818181819 0.022727272727272728 0.021409090909090912
0 0.7292727272727273 0.17222727272727273 0.02545454545454556 0.021818181818181806
0 0.34654545454545455 0.5540454545454545 0.03636363636363636 0.029999999999999975
0 0.8075681818181819 0.1280909090909091 0.028590909090909184 0.02727272727272727
0 0.7464545454545455 0.30400000000000005 0.024545454545454443 0.020000000000000025
0 0.36213636363636365 0.8353636363636364 0.026818181818181845 0.026363636363636415
0 0.17529545454545456 0.8974090909090908 0.033136363636363665 0.03590909090909081
0 0.4200909090909091 0.9749090909090908 0.025454545454545428 0.024545454545454443
0 0.25279545454545455 0.924909090909091 0.030045454545454542 0.030909090909090962
0 0.19972727272727273 0.2932954545454546 0.04227272727272726 0.03795454545454543
0 0.06013636363636364 0.4038636363636364 0.031818181818181815 0.030909090909090962
0 0.04240909090909091 0.5473636363636363 0.03954545454545454 0.039545454545454495
0 0.033318181818181816 0.3943636363636363 0.030454545454545453 0.029999999999999975
0 0.3937045454545454 0.38572727272727275 0.02995454545454547 0.02818181818181813
0 0.6189090909090909 0.8993181818181818 0.026818181818181713 0.026818181818181713
0 0.3145 0.966090909090909 0.03409090909090909 0.033181818181818236
0 0.08904545454545454 0.8201818181818181 0.027727272727272732 0.029545454545454545
0 0.020499999999999997 0.9801136363636364 0.036818181818181805 0.036136363636363585
0 0.47709090909090907 0.11145454545454546 0.029545454545454545 0.02727272727272727
0 0.8729318181818181 0.1588409090909091 0.05031818181818179 0.049590909090909074
0 0.6980681818181818 0.3123409090909091 0.051681818181818204 0.05113636363636364
0 0.04547727272727272 0.9266136363636364 0.04195454545454546 0.03931818181818172
0 0.24727272727272726 0.8474318181818182 0.04845454545454544 0.04631818181818181
0 0.9706818181818182 0.06956818181818182 0.05554545454545467 0.056136363636363644
0 0.5871363636363637 0.4721590909090909 0.05454545454545454 0.05477272727272733
0 0.3025909090909091 0.5142727272727273 0.046272727272727306 0.044636363636363606
0 0.5002727272727273 0.6567727272727273 0.05309090909090912 0.04990909090909099
0 0.6688636363636364 0.49913636363636366 0.04318181818181818 0.04254545454545461
0 0.014840909090909092 0.8295454545454546 0.02859090909090909 0.05036363636363629
0 0.08634090909090908 0.7159772727272726 0.048954545454545445 0.047499999999999945
0 0.6357954545454545 0.6242727272727273 0.05659090909090904 0.052090909090909
0 0.20947727272727273 0.9802727272727273 0.046681818181818165 0.038727272727272645
0 0.7663181818181817 0.47804545454545455 0.03990909090909078 0.03709090909090908
0 0.27479545454545456 0.7394545454545455 0.04586363636363638 0.044545454545454596
0 0.47240909090909095 0.7736590909090908 0.045454545454545456 0.04386363636363626
0 0.9142727272727272 0.3411818181818182 0.051727272727272705 0.05
0 0.4325909090909091 0.7152727272727272 0.046636363636363594 0.046363636363636315
0 0.5353636363636364 0.37829545454545455 0.058090909090909096 0.05213636363636363
0 0.944 0.9819772727272729 0.06172727272727265 0.03568181818181829
0 0.8352727272727273 0.35013636363636363 0.042999999999999906 0.04218181818181819
0 0.802090909090909 0.8907499999999999 0.04072727272727263 0.03931818181818172
0 0.4303636363636364 0.8498409090909091 0.045454545454545456 0.04713636363636366
0 0.7814318181818182 0.2016818181818182 0.04486363636363638 0.047000000000000014
0 0.6792272727272727 0.2028409090909091 0.052090909090909 0.04850000000000001
0 0.75325 0.37240909090909097 0.04631818181818181 0.045000000000000026
0 0.6590909090909091 0.4242045454545454 0.03763636363636351 0.0358636363636363
0 0.4642272727272727 0.4295 0.045909090909090886 0.04363636363636361
0 0.8737045454545455 0.81575 0.040409090909090846 0.0407727272727274
0 0.5619090909090909 0.2826363636363637 0.04581818181818181 0.04527272727272731
0 0.3492272727272727 0.9042954545454546 0.0391818181818182 0.04259090909090911
0 0.2464772727272727 0.19772727272727272 0.04449999999999996 0.04472727272727274
0 0.739409090909091 0.24038636363636365 0.026090909090909133 0.026954545454545484
0 0.9531136363636363 0.2025 0.049227272727272654 0.045000000000000026
0 0.16302272727272724 0.8017045454545455 0.04577272727272726 0.04268181818181812
0 0.19450000000000003 0.6767045454545455 0.05181818181818185 0.05204545454545449
0 0.4714090909090909 0.5188181818181818 0.047454545454545444 0.045454545454545456
0 0.11486363636363636 0.8977727272727273 0.051 0.05036363636363629
0 0.8585454545454545 0.02238636363636364 0.04518181818181817 0.043500000000000004
0 0.5516590909090909 0.5780681818181819 0.04622727272727267 0.04695454545454545
0 0.8541590909090909 0.2376590909090909 0.041227272727272696 0.039136363636363636
0 0.3101590909090909 0.6122045454545455 0.05104545454545453 0.04895454545454537
0 0.3876136363636364 0.6325454545454546 0.03886363636363641 0.04163636363636375