0 0.7517699115044248 0.4246902654867256 0.06637168141592921 0.06849557522123889
0 0.4785398230088495 0.7171681415929204 0.05619469026548667 0.05495575221238945
0 0.8780530973451327 0.8629646017699115 0.07991150442477878 0.07415929203539819
0 0.9653982300884956 0.6871017699115044 0.0692035398230088 0.06907079646017705
0 0.7364159292035398 0.585420353982301 0.07929203539823015 0.0780088495575221
0 0.6593584070796461 0.6743141592920354 0.08119469026548683 0.06907079646017705
0 0.5500221238938053 0.8054203539823009 0.07862831858407078 0.0780088495575221
0 0.5400884955752212 0.9650442477876106 0.07929203539823015 0.06991150442477881
0 0.36234513274336283 0.9623893805309734 0.067787610619469 0.06584070796460174
0 0.41827433628318583 0.8092477876106194 0.062035398230088544 0.06646017699115037
0 0.5039380530973452 0.6576991150442478 0.05938053097345127 0.052477876106194754
0 0.5752654867256637 0.5272566371681415 0.06008849557522123 0.05628318584070796
0 0.42424778761061943 0.48805309734513275 0.0569026548672567 0.046017699115044275
0 0.19050884955752212 0.8647345132743363 0.061371681415929226 0.05619469026548667
0 0.07924778761061947 0.837212389380531 0.06141592920353983 0.06017699115044258
0 0.14464601769911503 0.4561946902654867 0.07256637168141594 0.07566371681415927
0 0.06258849557522124 0.38141592920353984 0.08367256637168143 0.07654867256637173
0 0.45057522123893806 0.27057522123893807 0.06380530973451322 0.05725663716814161
0 0.4181858407079646 0.10601769911504424 0.07008849557522126 0.07008849557522126
0 0.615929203539823 0.02853982300884956 0.06637168141592921 0.05707964601769912
0 0.06004424778761062 0.522920353982301 0.03938053097345132 0.03893805309734518
0 0.1399557522123894 0.8124778761061947 0.03893805309734512 0.03761061946902655
0 0.19592920353982302 0.7191150442477875 0.059734513274336286 0.05619469026548667
0 0.6582743362831859 0.8955752212389381 0.05309734513274336 0.047787610619469074
0 0.5178982300884956 0.36287610619469024 0.05004424778761063 0.048584070796460134
0 0.2687610619469027 0.20398230088495575 0.04557522123893804 0.04424778761061947
0 0.6249557522123894 0.29030973451327435 0.051061946902654955 0.0515044247787611
0 0.26566371681415935 0.3446902654867257 0.054513274336283155 0.05044247787610622
0 0.05911504424778761 0.696216814159292 0.052654867256637164 0.05216814159292044