0 0.21417910447761193 0.29733193277310926 0.16865671641791047 0.043151260504201726
0 0.6107462686567164 0.16012605042016806 0.09701492537313433 0.026470588235294107
0 0.4144776119402985 0.2286134453781513 0.08656716417910444 0.023949579831932785
0 0.17044776119402985 0.018298319327731093 0.16119402985074627 0.036596638655462185
0 0.11888059701492537 0.6040336134453781 0.14492537313432838 0.03739495798319318
0 0.3964179104477612 0.4966806722689076 0.12686567164179105 0.036974789915966436
0 0.5919402985074628 0.09865546218487395 0.155223880597015 0.046218487394957986
0 0.6477611940298508 0.21852941176470586 0.18358208955223876 0.0546218487394958
0 0.7477611940298506 0.10760504201680672 0.1955223880597014 0.0495798319327731
0 0.14880597014925373 0.3958403361344538 0.19253731343283587 0.05378151260504206
0 0.5264179104477611 0.29668067226890754 0.17164179104477612 0.05042016806722689
0 0.40253731343283583 0.10760504201680672 0.18059701492537317 0.05630252100840337
0 0.32119402985074624 0.17567226890756305 0.18208955223880594 0.04705882352941178
0 0.04925373134328358 0.2653361344537815 0.09850746268656715 0.04327731092436973
0 0.8764179104477612 0.018529411764705885 0.13731343283582093 0.03277310924369748
0 0.5473134328358209 0.02273109243697479 0.16268656716417915 0.04033613445378152
0 0.6477611940298509 0.42815126050420166 0.14029850746268666 0.0386554621848739