0 0.050732758620689655 0.7785560344827587 0.0431896551724138 0.04237068965517234
0 0.15461206896551724 0.39409482758620695 0.027155172413793092 0.02715517241379315
0 0.04709051724137931 0.41672413793103447 0.03280172413793103 0.03275862068965515
0 0.4555172413793104 0.2767672413793103 0.034482758620689655 0.033189655172413776
0 0.1969396551724138 0.12844827586206897 0.027155172413793092 0.02844827586206897
0 0.257823275862069 0.37918103448275864 0.024956896551724166 0.02500000000000005
0 0.3232327586206897 0.07241379310344828 0.03405172413793106 0.032758620689655175
0 0.18390086206896553 0.6100862068965517 0.031077586206896525 0.03146551724137936
0 0.5184698275862069 0.010560344827586207 0.028060344827586167 0.021120689655172414
0 0.8117672413793104 0.32627155172413796 0.029051724137931074 0.028491379310344886
0 0.7901293103448276 0.3870258620689655 0.032327586206896554 0.03103448275862064
0 0.24025862068965514 0.7809482758620689 0.049741379310344794 0.04870689655172419
0 0.3496551724137931 0.6345043103448276 0.05387931034482758 0.0496120689655172
0 0.5188793103448276 0.5900646551724137 0.04913793103448278 0.04883620689655165
0 0.15793103448275864 0.8156034482758621 0.058362068965517225 0.05499999999999996
0 0.6230387931034482 0.2889008620689655 0.05340517241379304 0.05400862068965518
0 0.21497844827586207 0.3331896551724138 0.048060344827586234 0.04827586206896547
0 0.40064655172413793 0.5453663793103448 0.048103448275862055 0.04564655172413788
0 0.39260775862068964 0.742176724137931 0.05831896551724138 0.056681034482758526
0 0.654051724137931 0.18556034482758618 0.052327586206896495 0.04724137931034486
0 0.7117887931034483 0.10696120689655171 0.050818965517241466 0.04762931034482758
0 0.46 0.6883836206896552 0.050086206896551744 0.04875000000000001
0 0.7385560344827586 0.22553879310344827 0.046767241379310445 0.046077586206896545
0 0.8218749999999999 0.11560344827586207 0.058318965517241264 0.05974137931034482
0 0.7127801724137931 0.3523922413793103 0.05650862068965523 0.056594827586206875
0 0.5336422413793104 0.38023706896551723 0.05521551724137932 0.05228448275862067
0 0.46577586206896554 0.46433189655172413 0.05120689655172412 0.05271551724137927
0 0.41943965517241383 0.3355818965517241 0.054827586206896546 0.05150862068965512
0 0.556853448275862 0.23592672413793103 0.05155172413793101 0.0495258620689655
0 0.6094181034482758 0.49415948275862065 0.04831896551724129 0.050129310344827566
0 0.5314439655172415 0.5073922413793104 0.04823275862068971 0.052887931034482805
0 0.2107758620689655 0.6758405172413793 0.049482758620689675 0.04857758620689647
0 0.13211206896551725 0.7107974137931035 0.04577586206896552 0.04642241379310337
0 0.6184051724137931 0.5872629310344828 0.0507758620689654 0.049870689655172384
0 0.9649568965517241 0.0949353448275862 0.05956896551724135 0.05374999999999999
0 0.8901508620689654 0.3933620689655173 0.047974137931034465 0.04525862068965517
0 0.13799568965517242 0.4877801724137931 0.04495689655172415 0.041853448275862105
0 0.37353448275862067 0.4326077586206896 0.046034482758620716 0.04676724137931032
0 0.7110129310344828 0.5046336206896552 0.04952586206896556 0.04926724137931037
0 0.2894827586206896 0.4651293103448276 0.046034482758620716 0.04637931034482755
0 0.830948275862069 0.2553448275862069 0.05862068965517251 0.046206896551724164
0 0.7825862068965518 0.4595043103448275 0.051551724137930945 0.04909482758620684
0 0.3700646551724138 0.20851293103448276 0.04280172413793106 0.04056034482758619
0 0.3375862068965518 0.5416379310344828 0.032844827586206916 0.03413793103448277
0 0.07232758620689655 0.5637931034482759 0.04353448275862069 0.04353448275862073
0 0.4604310344827586 0.23183189655172415 0.04431034482758621 0.041077586206896555
0 0.0534698275862069 0.6715732758620688 0.054870689655172424 0.056681034482758526
0 0.9373060344827586 0.16948275862068965 0.04116379310344832 0.04310344827586207
0 0.9087068965517241 0.29 0.04689655172413791 0.04491379310344825
0 0.896206896551724 0.015043103448275863 0.04982758620689656 0.030086206896551726
0 0.30528017241379307 0.3485991379310345 0.04840517241379306 0.04866379310344824
0 0.4267456896551724 0.022780172413793105 0.04323275862068966 0.04349137931034483
0 0.6020689655172413 0.3660991379310345 0.03482758620689648 0.034956896551724195
0 0.6409698275862069 0.1054741379310345 0.03038793103448281 0.029655172413793115
0 0.26275862068965516 0.5302801724137931 0.04612068965517242 0.03935344827586205
0 0.6590948275862069 0.40719827586206897 0.029396551724137902 0.03077586206896546
0 0.8826939655172413 0.604073275862069 0.0401293103448276 0.03935344827586205
0 0.645021551724138 0.7620905172413793 0.044353448275862156 0.0422844827586207
0 0.2749568965517241 0.6657543103448276 0.03224137931034485 0.030732758620689634
0 0.9633405172413794 0.4963793103448276 0.04883620689655165 0.045517241379310354
0 0.014849137931034482 0.1725862068965517 0.029698275862068964 0.04181034482758622
0 0.7805603448275862 0.6430172413793104 0.03146551724137936 0.03146551724137936
0 0.35314655172413795 0.9522844827586208 0.03836206896551726 0.03922413793103458
0 0.07797413793103448 0.1784051724137931 0.04137931034482759 0.03879310344827586