0 0.8414814814814816 0.7863425925925925 0.05462962962962968 0.053888888888888827
0 0.4604166666666667 0.6533333333333333 0.06814814814814814 0.06814814814814828
0 0.9057407407407408 0.9842361111111111 0.0841666666666667 0.031527777777777787
0 0.7117592592592593 0.5115740740740741 0.06620370370370375 0.06388888888888894
0 0.4467361111111111 0.05386574074074074 0.06902777777777776 0.06874999999999999
0 0.15270833333333333 0.30842592592592594 0.07958333333333333 0.07768518518518519
0 0.08574074074074074 0.5541435185185185 0.09064814814814814 0.0968055555555556
0 0.16215277777777778 0.7663194444444444 0.09291666666666669 0.09217592592592604
0 0.7405092592592593 0.11023148148148149 0.08101851851851852 0.08379629629629629
0 0.9798379629629629 0.6371296296296296 0.04032407407407398 0.04722222222222217
0 0.305787037037037 0.6698842592592592 0.0722222222222222 0.07458333333333339
0 0.9523148148148147 0.043194444444444445 0.0574074074074073 0.05712962962962963
0 0.7154166666666667 0.8730787037037037 0.045833333333333226 0.04550925925925919