0 0.9552238805970149 0.9504950495049505 0.08955223880597014 0.09900990099009901
0 0.39905472636815925 0.26064356435643565 0.040696517412935354 0.04059405940594061
0 0.44905472636815924 0.261509900990099 0.048159203980099534 0.04529702970297032
0 0.6223880597014925 0.6656930693069307 0.05223880597014925 0.048019801980197965
0 0.5118905472636816 0.7305445544554455 0.05124378109452742 0.05297029702970291
0 0.9564676616915423 0.746608910891089 0.05323383084577109 0.05143564356435637
0 0.1770398009950249 0.0343069306930693 0.08213930348258709 0.0686138613861386
0 0.02243781094527363 0.9388366336633663 0.04487562189054726 0.04658415841584171
0 0.3771144278606966 0.378069306930693 0.048756218905472694 0.0475247524752475
0 0.8960199004975125 0.05693069306930693 0.07064676616915418 0.06831683168316831
0 0.05761194029850747 0.6409158415841585 0.0991044776119403 0.10866336633663361
0 0.3366915422885572 0.5681683168316832 0.09437810945273631 0.09940594059405933
0 0.6295522388059701 0.4659405940594059 0.08975124378109456 0.09207920792079205
0 0.7521890547263681 0.7191336633663366 0.0888557213930349 0.08648514851485162
0 0.5124378109452736 0.9678217821782178 0.09950248756218906 0.06435643564356436