0 0.02357142857142857 0.315625 0.04151785714285715 0.04598214285714291
0 0.02982142857142857 0.196875 0.046875 0.045982142857142846
0 0.029375000000000002 0.4290178571428572 0.04955357142857142 0.04598214285714291
0 0.9754464285714286 0.049107142857142856 0.049107142857142856 0.049107142857142856
0 0.5746428571428571 0.38625 0.029910714285714235 0.02767857142857138
0 0.8475 0.41678571428571426 0.03705357142857148 0.033482142857142856
0 0.9529017857142857 0.4428571428571428 0.03035714285714291 0.03437499999999995
0 0.9044642857142857 0.7220982142857143 0.039285714285714333 0.0415178571428572
0 0.9425446428571428 0.2526785714285714 0.033482142857142856 0.0325892857142857
0 0.4113839285714286 0.3774553571428571 0.026785714285714284 0.026785714285714284
0 0.10852678571428571 0.8214285714285714 0.030357142857142843 0.029910714285714235
0 0.5 0.6793080357142857 0.026785714285714284 0.026741071428571468
0 0.4290178571428571 0.7210267857142858 0.02767857142857138 0.02812500000000005
0 0.3122321428571429 0.9026339285714285 0.03035714285714291 0.027232142857142958
0 0.8428571428571429 0.5060267857142857 0.026785714285714284 0.02812500000000005
0 0.7141517857142857 0.4266517857142857 0.02857142857142847 0.029017857142857144
0 0.9863616071428571 0.3756473214285715 0.027276785714285774 0.02772321428571432
0 0.31424107142857144 0.7626785714285714 0.02767857142857138 0.02767857142857138
0 0.4947767857142857 0.9113392857142857 0.03169642857142855 0.030803571428571326
0 0.42502232142857144 0.7956473214285714 0.0566517857142857 0.05031249999999992
0 0.6831473214285715 0.5999553571428571 0.05156250000000005 0.049732142857142794
0 0.3271205357142857 0.6576339285714285 0.0600446428571428 0.05562499999999991
0 0.850625 0.6439955357142857 0.05616071428571422 0.054241071428571326
0 0.3785714285714286 0.8838169642857142 0.05267857142857148 0.05227678571428562
0 0.8994642857142857 0.47810267857142863 0.05803571428571429 0.05727678571428577
0 0.7672321428571429 0.6698660714285714 0.0562500000000001 0.05616071428571422
0 0.8585714285714285 0.32654017857142853 0.05464285714285718 0.05388392857142854
0 0.9517187500000001 0.6550223214285714 0.058526785714285774 0.05620535714285703
0 0.2714285714285714 0.9656250000000001 0.06035714285714287 0.05651785714285725
0 0.8357142857142857 0.7985491071428571 0.059642857142857206 0.05558035714285709
0 0.4646651785714285 0.5869419642857142 0.056919642857142856 0.05370535714285708
0 0.7551116071428571 0.9331026785714286 0.052544642857142776 0.05379464285714291
0 0.6962053571428573 0.7635267857142857 0.05848214285714296 0.05919642857142853
0 0.5231696428571428 0.7586830357142856 0.05214285714285717 0.05049107142857144
0 0.9679241071428571 0.8191294642857143 0.05031249999999992 0.048169642857142946
0 0.15712053571428572 0.8658928571428571 0.05513392857142856 0.05276785714285711
0 0.34921874999999997 0.5190848214285715 0.06075892857142863 0.058169642857142864
0 0.9209151785714286 0.9106026785714286 0.06058035714285711 0.06183035714285724
0 0.5775669642857143 0.5937053571428572 0.05040178571428574 0.04848214285714292
0 0.2314285714285714 0.7909821428571429 0.05366071428571427 0.04955357142857153
0 0.9531696428571428 0.5603348214285714 0.03973214285714276 0.038169642857142846
0 0.4400446428571429 0.4702455357142857 0.05616071428571434 0.05558035714285709
0 0.04089285714285714 0.886986607142857 0.053660714285714284 0.055937499999999876
0 0.7258928571428571 0.2521205357142857 0.05955357142857132 0.05433035714285715
0 0.7765848214285714 0.4295982142857143 0.05575892857142861 0.05580357142857143
0 0.6513169642857143 0.46053571428571427 0.05441964285714285 0.049107142857142856
0 0.7983035714285714 0.5481919642857143 0.038839285714285667 0.03665178571428575
0 0.5446205357142857 0.97484375 0.057901785714285774 0.050133928571428656
0 0.7559151785714286 0.8094419642857142 0.03477678571428581 0.03736607142857145
0 0.6622321428571428 0.29917410714285714 0.037767857142857054 0.038169642857142874
0 0.8596205357142858 0.1303125 0.054151785714285694 0.05044642857142856
0 0.12875 0.9792857142857143 0.05776785714285715 0.041250000000000044
0 0.19841517857142857 0.6818526785714286 0.05236607142857145 0.05102678571428575
0 0.7151785714285716 0.36555803571428575 0.04625000000000006 0.04281250000000002
0 0.24176339285714285 0.8938392857142857 0.03299107142857143 0.030535714285714173
0 0.6864508928571428 0.8955133928571428 0.031026785714285663 0.03236607142857143
0 0.38899553571428575 0.6026116071428571 0.032633928571428585 0.032455357142857064
0 0.21875 0.3827455357142857 0.04205357142857143 0.04058035714285716
0 0.8350892857142858 0.9663169642857143 0.037678571428571415 0.03209821428571428
0 0.7818750000000001 0.32252232142857146 0.03455357142857147 0.03236607142857143
0 0.52625 0.4256696428571428 0.04642857142857145 0.043839285714285685
0 0.015625 0.9754464285714286 0.03125 0.049107142857142856
0 0.13424107142857142 0.7467410714285715 0.03482142857142856 0.036160714285714386
0 0.43535714285714283 0.5333928571428571 0.030803571428571454 0.0285714285714286
0 0.4172321428571429 0.14468750000000002 0.025892857142857193 0.02589285714285713
0 0.3567857142857143 0.7411607142857143 0.03526785714285717 0.03125