0 0.1851351351351351 0.19684684684684683 0.047747747747747725 0.05315315315315314
0 0.861126126126126 0.17975225225225225 0.06900900900900898 0.06617117117117116
0 0.5571396396396396 0.3200900900900901 0.06500000000000003 0.059909909909909964
0 0.4652927927927928 0.18337837837837834 0.057432432432432436 0.05549549549549546
0 0.5442342342342342 0.4460810810810811 0.06621621621621616 0.0663063063063063
0 0.6861711711711712 0.41427927927927927 0.06864864864864868 0.06954954954954953
0 0.12083333333333332 0.3886486486486487 0.06319819819819819 0.05963963963963968
0 0.20225225225225224 0.3263063063063063 0.06801801801801799 0.06522522522522518
0 0.7794144144144144 0.0575 0.08117117117117109 0.0795945945945946
0 0.4108558558558559 0.3169144144144144 0.07270270270270264 0.07626126126126129
0 0.020855855855855858 0.0904954954954955 0.04144144144144144 0.06999999999999999
0 0.16869369369369372 0.02295045045045045 0.062972972972973 0.0459009009009009
0 0.7288738738738739 0.6502252252252252 0.0656756756756756 0.05585585585585575
0 0.3001576576576577 0.41981981981981975 0.05959459459459458 0.06018018018018024
0 0.5788963963963963 0.2281306306306306 0.04427927927927927 0.04499999999999998
0 0.8599549549549549 0.4881081081081081 0.059189189189189126 0.05405405405405406
0 0.4465540540540541 0.504481981981982 0.055000000000000035 0.05067567567567568
0 0.5820720720720721 0.5641666666666667 0.05909909909909912 0.05572072072072074
0 0.34063063063063065 0.10594594594594596 0.06288288288288292 0.06072072072072074
0 0.3773873873873874 0.3942567567567568 0.04855855855855856 0.04851351351351356
0 0.3669144144144144 0.5372747747747748 0.05292792792792793 0.04941441441441441
0 0.12806306306306306 0.191981981981982 0.04747747747747749 0.05324324324324321
0 0.2574099099099099 0.1713063063063063 0.04049549549549547 0.0365765765765766
0 0.43119369369369365 0.4225225225225226 0.04779279279279285 0.04414414414414419
0 0.3787837837837838 0.44432432432432434 0.03873873873873871 0.04009009009009012
0 0.6245945945945945 0.36995495495495495 0.049099099099099 0.04549549549549547
0 0.033783783783783786 0.2622972972972973 0.03108108108108108 0.029729729729729704
0 0.8693693693693694 0.7239864864864864 0.028828828828828725 0.027522522522522585