0 0.7227801724137931 0.17928879310344828 0.10237068965517242 0.10038793103448274
0 0.9742672413793103 0.5666810344827586 0.0514655172413793 0.11318965517241375
0 0.976508620689655 0.17469827586206896 0.046982758620689555 0.11318965517241382
0 0.9499568965517241 0.6971120689655173 0.03318965517241374 0.034051724137930936
0 0.3572844827586207 0.3127155172413793 0.03793103448275867 0.03965517241379306
0 0.5662715517241379 0.39476293103448273 0.09271551724137927 0.10443965517241374
0 0.18760775862068965 0.5529310344827586 0.09400862068965518 0.09525862068965521
0 0.06418103448275862 0.7236637931034483 0.08120689655172415 0.09017241379310352
0 0.22913793103448274 0.8482758620689655 0.08931034482758621 0.07456896551724143
0 0.9257112068965518 0.40971982758620684 0.0799568965517242 0.07814655172413791
0 0.6178879310344827 0.22892241379310344 0.029310344827586255 0.032327586206896554
0 0.8687068965517242 0.6768103448275862 0.03922413793103458 0.038362068965517145
0 0.6510344827586206 0.6453879310344829 0.03017241379310345 0.03060344827586217
0 0.775323275862069 0.5560129310344828 0.09461206896551719 0.0895258620689655
0 0.7066379310344828 0.47530172413793104 0.04353448275862079 0.041379310344827565
0 0.7952155172413792 0.7044396551724138 0.04267241379310335 0.040948275862068964
0 0.40663793103448276 0.5348060344827585 0.08568965517241377 0.11875