0 0.13463636363636364 0.6272727272727273 0.08363636363636363 0.08318181818181823
0 0.9763636363636363 0.9806818181818182 0.04727272727272717 0.038636363636363635
0 0.18522727272727274 0.9238636363636363 0.044090909090909104 0.04136363636363647
0 0.12231818181818181 0.9253181818181818 0.03500000000000001 0.033181818181818236
0 0.655 0.7533636363636362 0.03545454545454551 0.03590909090909081
0 0.9290909090909091 0.8429090909090909 0.02818181818181813 0.02863636363636369
0 0.388 0.5931818181818181 0.07854545454545456 0.06772727272727269
0 0.5795681818181818 0.4978181818181818 0.08086363636363639 0.08981818181818178
0 0.5189545454545454 0.31218181818181817 0.06872727272727275 0.07200000000000002
0 0.40331818181818185 0.36536363636363633 0.06545454545454547 0.08781818181818178
0 0.29722727272727273 0.4040909090909091 0.07036363636363635 0.06927272727272732
0 0.17422727272727273 0.397 0.06654545454545455 0.07581818181818185
0 0.03611363636363636 0.3959090909090909 0.07222727272727272 0.08672727272727265
0 0.16522727272727272 0.22354545454545455 0.0758181818181818 0.06927272727272725
0 0.5701363636363636 0.013931818181818182 0.06181818181818179 0.027863636363636365
0 0.6951363636363636 0.018022727272727274 0.04272727272727262 0.03604545454545455
0 0.8319318181818182 0.019159090909090907 0.05640909090909102 0.038318181818181814
0 0.6711818181818182 0.3840909090909091 0.07272727272727272 0.08636363636363636
0 0.8320909090909091 0.4358863636363637 0.0699999999999999 0.07904545454545449
0 0.721409090909091 0.5740681818181818 0.08318181818181823 0.0809545454545454
0 0.9103636363636364 0.6397727272727273 0.08072727272727269 0.09499999999999989
0 0.7905 0.7983636363636363 0.08409090909090909 0.08409090909090909
0 0.5027727272727273 0.7179090909090909 0.0777272727272727 0.08318181818181823
0 0.31186363636363634 0.7163181818181819 0.08045454545454543 0.09181818181818177
0 0.12277272727272728 0.8179090909090909 0.08227272727272728 0.08863636363636364
0 0.3942272727272727 0.9670227272727273 0.07790909090909084 0.06595454545454542
0 0.5725454545454546 0.9117727272727272 0.08818181818181814 0.08363636363636354
0 0.7414090909090908 0.9433636363636363 0.0804545454545454 0.07045454545454545
0 0.4926363636363636 0.04688636363636364 0.04136363636363634 0.0465
0 0.022272727272727274 0.8831363636363636 0.04454545454545455 0.08181818181818182