0 0.08070833333333334 0.80625 0.02691666666666667 0.024166666666666715
0 0.19331249999999997 0.6201875 0.07287499999999998 0.071875
0 0.6243958333333333 0.6410208333333335 0.06854166666666663 0.06862500000000012
0 0.627 0.2782708333333333 0.06875 0.06787499999999996
0 0.0969375 0.2734583333333333 0.06987499999999998 0.06666666666666667
0 0.9173541666666666 0.5013958333333334 0.06645833333333329 0.06704166666666662
0 0.9300416666666667 0.2801458333333333 0.05966666666666664 0.057375000000000016
0 0.5475833333333333 0.8968333333333334 0.060499999999999984 0.06016666666666666
0 0.47881250000000003 0.12622916666666667 0.065625 0.06762500000000002
0 0.37002083333333335 0.592 0.06354166666666666 0.0635833333333333
0 0.2611875 0.15829166666666666 0.053958333333333316 0.057249999999999995
0 0.3136458333333333 0.42304166666666665 0.06604166666666664 0.06675000000000005
0 0.905 0.9094583333333333 0.06425000000000007 0.05841666666666659
0 0.8280208333333333 0.7588125 0.06479166666666672 0.061708333333333344
0 0.20289583333333333 0.9647916666666666 0.05487500000000001 0.05533333333333322
0 0.17308333333333334 0.8329166666666666 0.02833333333333332 0.02833333333333338
0 0.4638333333333333 0.5445 0.02166666666666662 0.021250000000000095
0 0.36035416666666664 0.9041666666666667 0.022625000000000027 0.020833333333333332
0 0.9624166666666666 0.6274583333333332 0.03958333333333333 0.03708333333333324
0 0.34070833333333334 0.3484583333333333 0.02666666666666669 0.027499999999999976
0 0.4480833333333333 0.7408750000000001 0.03166666666666664 0.029999999999999954
0 0.7227916666666666 0.4454166666666666 0.03333333333333333 0.03208333333333328
0 0.5352916666666666 0.4235833333333333 0.029999999999999954 0.029999999999999954
0 0.4452083333333333 0.5064583333333333 0.04208333333333331 0.04125000000000002
0 0.12966666666666665 0.13706249999999998 0.038333333333333344 0.03837500000000002
0 0.7582708333333333 0.17002083333333334 0.03845833333333341 0.03795833333333333