0 0.965857142857143 0.7389047619047618 0.025238095238095292 0.02619047619047619
0 0.8996190476190477 0.424 0.06923809523809533 0.0631428571428571
0 0.7599523809523809 0.8238333333333333 0.02295238095238092 0.02090476190476184
0 0.7956666666666666 0.7931904761904763 0.024857142857142987 0.024285714285714393
0 0.8232380952380952 0.7286190476190476 0.02857142857142857 0.025714285714285606
0 0.923952380952381 0.7938571428571429 0.02619047619047619 0.02761904761904767
0 0.47747619047619044 0.5635714285714285 0.02809523809523812 0.02714285714285709
0 0.017119047619047617 0.11088095238095239 0.02766666666666667 0.031571428571428584
0 0.8951666666666668 0.14907142857142858 0.02585714285714289 0.024714285714285703
0 0.4542857142857143 0.9364285714285715 0.025238095238095292 0.02619047619047619
0 0.3421904761904762 0.37719047619047624 0.02571428571428574 0.02571428571428574
0 0.18866666666666665 0.06552380952380953 0.024285714285714258 0.024285714285714292
0 0.6907142857142857 0.1915714285714286 0.024285714285714393 0.024761904761904777
0 0.1057142857142857 0.5833333333333334 0.03047619047619047 0.02809523809523812
0 0.5585714285714286 0.8060714285714285 0.08190476190476186 0.062142857142857194
0 0.2268809523809524 0.8386666666666666 0.07385714285714289 0.07123809523809514
0 0.3537619047619047 0.5982619047619048 0.07190476190476187 0.06557142857142861
0 0.19440476190476189 0.2629761904761905 0.06795238095238093 0.057476190476190445
0 0.4003809523809524 0.9209285714285713 0.06866666666666661 0.06233333333333321