0 0.9132826086956523 0.7352391304347826 0.061869565217391384 0.06230434782608689
0 0.09530434782608696 0.8929130434782608 0.060086956521739135 0.054956521739130376
0 0.41819565217391297 0.3314130434782609 0.03795652173913039 0.03569565217391308
0 0.2000434782608696 0.08230434782608695 0.036521739130434806 0.03695652173913044
0 0.6819130434782608 0.05734782608695652 0.042782608695652063 0.04121739130434783
0 0.28552173913043477 0.06841304347826087 0.07304347826086958 0.079
0 0.4052826086956522 0.1530434782608696 0.03639130434782611 0.03565217391304349
0 0.013369565217391305 0.6025 0.02673913043478261 0.07300000000000009
0 0.37456521739130433 0.2393478260869565 0.03373913043478257 0.033565217391304344
0 0.8924565217391304 0.24058695652173914 0.05247826086956519 0.049260869565217386
0 0.5173043478260869 0.285 0.06939130434782612 0.07330434782608693
0 0.7479130434782608 0.48295652173913045 0.06199999999999996 0.06043478260869568
0 0.19704347826086957 0.6892391304347827 0.06026086956521739 0.05821739130434777
0 0.6587173913043478 0.7487391304347827 0.06969565217391292 0.07173913043478261
0 0.05234782608695652 0.19228260869565217 0.06669565217391304 0.07056521739130436
0 0.5624130434782609 0.08186956521739129 0.0641304347826087 0.06217391304347825
0 0.13015217391304348 0.5052173913043478 0.03534782608695652 0.034347826086956544
0 0.7630434782608696 0.9153043478260868 0.07582608695652172 0.07565217391304338
0 0.29239130434782606 0.37299999999999994 0.06826086956521737 0.06443478260869562
0 0.8292608695652174 0.12717391304347825 0.06043478260869555 0.059826086956521744