0 0.9180392156862746 0.4967892156862745 0.06539215686274498 0.06720588235294121
0 0.6842156862745099 0.562843137254902 0.05392156862745098 0.05343137254901963
0 0.5855392156862744 0.8476960784313726 0.0748039215686274 0.06774509803921565
0 0.8124509803921568 0.5664705882352942 0.053431372549019494 0.051470588235294115
0 0.9572058823529412 0.30799019607843137 0.06029411764705888 0.06274509803921571
0 0.5587745098039215 0.6338235294117648 0.054411764705882326 0.04950980392156867
0 0.8499264705882352 0.4152941176470588 0.05985294117647049 0.0570588235294117
0 0.37563725490196076 0.724313725490196 0.06470588235294113 0.06323529411764695
0 0.42921568627450973 0.8867156862745099 0.05735294117647053 0.049509803921568736
0 0.7886274509803921 0.7069607843137254 0.05833333333333322 0.05245098039215681
0 0.2028186274509804 0.8406862745098039 0.06651960784313722 0.05754901960784318
0 0.6666176470588235 0.7881372549019607 0.04411764705882353 0.039705882352941285
0 0.24355392156862746 0.7398774509803921 0.0736764705882353 0.07455882352941166
0 0.327843137254902 0.8310784313725491 0.06970588235294117 0.05627450980392166
0 0.15117647058823527 0.9518627450980393 0.040196078431372566 0.03676470588235294
0 0.5598774509803922 0.7399019607843137 0.06720588235294121 0.07274509803921557
0 0.687843137254902 0.7265196078431372 0.07088235294117637 0.06999999999999987
0 0.05894607843137254 0.9400980392156862 0.06269607843137255 0.060784313725490084
0 0.4115441176470589 0.6092647058823529 0.09014705882352934 0.0748039215686274
0 0.7693627450980393 0.8394607843137255 0.07990196078431377 0.06911764705882364
0 0.5828921568627451 0.5055392156862746 0.0746078431372549 0.0681372549019608
0 0.9070343137254901 0.7049264705882353 0.06749999999999991 0.0706372549019609
0 0.7349509803921569 0.45573529411764707 0.051470588235294115 0.047058823529411736