0 0.014285714285714284 0.12159663865546218 0.028403361344537813 0.05840336134453782
0 0.7366176470588235 0.6500840336134454 0.038277310924369805 0.03789915966386547
0 0.5459033613445379 0.4311764705882353 0.08214285714285718 0.07302521008403359
0 0.975672268907563 0.3982352941176471 0.048655462184873884 0.06285714285714289
0 0.5255882352941176 0.19733193277310923 0.07579831932773105 0.08390756302521007
0 0.8608193277310925 0.6231302521008404 0.07575630252100829 0.0726470588235295
0 0.6369327731092436 0.7962394957983194 0.0707563025210083 0.06894957983193288
0 0.022478991596638662 0.4202100840336135 0.04470588235294118 0.05857142857142856
0 0.09737394957983193 0.29130252100840337 0.037689075630252096 0.035798319327731136
0 0.23176470588235296 0.9851260504201681 0.06025210084033615 0.0296638655462185
0 0.1888235294117647 0.7654201680672268 0.05596638655462182 0.055714285714285675
0 0.4992436974789916 0.6336974789915967 0.11277310924369749 0.10336134453781522
0 0.37789915966386556 0.3389705882352941 0.03638655462184873 0.03105042016806717
0 0.6357142857142858 0.6399159663865547 0.049579831932773155 0.04537815126050425
0 0.1268487394957983 0.5873949579831933 0.030672268907563013 0.029411764705882353
0 0.6756302521008403 0.16247899159663867 0.026890756302520913 0.024369747899159654
0 0.3623109243697479 0.11672268907563026 0.028151260504201633 0.029411764705882353
0 0.018004201680672266 0.6552941176470588 0.03584033613445378 0.055630252100840376
0 0.8351470588235295 0.12239495798319328 0.05037815126050424 0.048823529411764696