0 0.6783796296296296 0.2137962962962963 0.043518518518518415 0.04120370370370373
0 0.8805555555555556 0.8282407407407407 0.0675925925925927 0.07499999999999994
0 0.6573148148148148 0.7880555555555555 0.07592592592592583 0.07777777777777783
0 0.08608796296296296 0.6680555555555556 0.07356481481481482 0.08185185185185188
0 0.28131944444444446 0.764236111111111 0.07541666666666663 0.07736111111111102
0 0.40608796296296296 0.40141203703703704 0.07467592592592591 0.07736111111111114
0 0.07270833333333335 0.3185416666666666 0.07643518518518518 0.07180555555555555
0 0.18916666666666668 0.06488425925925927 0.07916666666666664 0.07273148148148148
0 0.6380787037037038 0.0892824074074074 0.0911574074074074 0.09023148148148145
0 0.8763888888888888 0.21312499999999998 0.0842592592592592 0.07828703703703702
0 0.9395370370370371 0.41793981481481485 0.04444444444444455 0.04467592592592595
0 0.20326388888888888 0.42407407407407405 0.028657407407407395 0.03055555555555553
0 0.27319444444444446 0.3934722222222222 0.03888888888888892 0.037037037037037035
0 0.4069907407407407 0.627962962962963 0.03287037037037034 0.029629629629629523
0 0.5088425925925926 0.6756481481481481 0.03009259259259259 0.02870370370370365
0 0.5757407407407408 0.7089814814814815 0.031481481481481534 0.031481481481481534
0 0.5449074074074074 0.35787037037037034 0.04120370370370373 0.040277777777777725
0 0.11831018518518518 0.7927314814814814 0.038379629629629625 0.03657407407407397
0 0.2013888888888889 0.9861111111111112 0.037037037037037035 0.027777777777777776
0 0.10252314814814814 0.9894212962962963 0.04495370370370371 0.021157407407407375
0 0.04398148148148148 0.9791666666666666 0.05555555555555555 0.041666666666666664
0 0.06662037037037037 0.4923611111111111 0.031018518518518515 0.03287037037037034
0 0.36629629629629623 0.49280092592592595 0.04055555555555551 0.04032407407407411
0 0.5009953703703703 0.5546296296296296 0.03699074074074078 0.035648148148148096
0 0.7456944444444444 0.6469907407407407 0.03657407407407397 0.037962962962962914