0 0.5413725490196079 0.5003676470588235 0.07313725490196073 0.08406862745098043
0 0.668186274509804 0.8177205882352941 0.09343137254901962 0.0893627450980393
0 0.7936764705882353 0.5573529411764706 0.0944117647058823 0.09264705882352944
0 0.7158333333333333 0.31573529411764706 0.07970588235294113 0.07470588235294119
0 0.37362745098039213 0.2412990196078431 0.07931372549019611 0.07916666666666669
0 0.39852941176470585 0.8275735294117647 0.08500000000000002 0.08269607843137257
0 0.3271813725490196 0.5192401960784314 0.0743627450980392 0.07024509803921575
0 0.19526960784313727 0.8682843137254902 0.07259803921568629 0.07137254901960785
0 0.05855392156862745 0.7046813725490196 0.05818627450980391 0.0561274509803921
0 0.23495098039215687 0.33963235294117644 0.03137254901960787 0.03249999999999998
0 0.5078921568627451 0.20975490196078433 0.03431372549019608 0.03382352941176473
0 0.5529901960784314 0.9251960784313726 0.03529411764705877 0.03578431372549025
0 0.05558823529411765 0.8052205882352941 0.023529411764705885 0.02308823529411755
0 0.3707843137254902 0.5163235294117647 0.023529411764705938 0.023529411764705938
0 0.026274509803921566 0.4166176470588235 0.029411764705882353 0.027450980392156835
0 0.2743382352941176 0.027009803921568626 0.028970588235294102 0.028921568627450985
0 0.9845098039215686 0.27566176470588233 0.030980392156862713 0.08602941176470591
0 0.0928921568627451 0.7683823529411765 0.04705882352941177 0.04509803921568622
0 0.4115196078431373 0.6135784313725491 0.02892156862745101 0.02892156862745101
0 0.02 0.9404901960784314 0.027941176470588233 0.029901960784313838
0 0.03691176470588235 0.8184313725490197 0.027450980392156862 0.025980392156862802
0 0.08401960784313726 0.9221568627450981 0.03705882352941177 0.0347058823529411
0 0.5663480392156862 0.9778921568627451 0.03573529411764702 0.030882352941176527
0 0.704607843137255 0.17784313725490197 0.054411764705882465 0.05588235294117648
0 0.5482843137254901 0.6174754901960785 0.0495098039215686 0.04612745098039221
0 0.5881617647058823 0.27958333333333335 0.04916666666666667 0.04975490196078434
0 0.7810539215686273 0.2841666666666667 0.05651960784313712 0.05156862745098037