0 0.31133333333333335 0.21544642857142857 0.1733333333333333 0.03928571428571427
0 0.15050000000000002 0.04933035714285715 0.15 0.03571428571428571
0 0.06225 0.48270089285714285 0.1245 0.032812499999999974
0 0.15841666666666665 0.7306026785714285 0.2598333333333333 0.0648660714285713
0 0.7456666666666666 0.7248660714285713 0.14333333333333323 0.0374999999999999
0 0.8916666666666667 0.9620535714285714 0.21666666666666667 0.07142857142857142
0 0.10791666666666666 0.1953125 0.21583333333333332 0.053125000000000026
0 0.8759999999999999 0.435 0.24799999999999991 0.059464285714285685
0 0.9069166666666667 0.13125 0.1861666666666667 0.046875
0 0.0515 0.8052678571428571 0.103 0.03437499999999995
0 0.526 0.9762946428571428 0.12333333333333331 0.036160714285714386
0 0.08633333333333333 0.6431250000000001 0.17266666666666666 0.05267857142857148