0 0.6620952380952382 0.3862380952380952 0.03857142857142868 0.03799999999999995
0 0.9619047619047619 0.12857142857142856 0.0761904761904762 0.08095238095238096
0 0.46735714285714286 0.7235 0.06547619047619048 0.062238095238095203
0 0.3017142857142857 0.1149047619047619 0.047619047619047616 0.04571428571428572
0 0.03378571428571429 0.9743809523809523 0.06757142857142857 0.051238095238095194
0 0.37792857142857145 0.474 0.07747619047619053 0.07904761904761902
0 0.5529047619047619 0.8379523809523809 0.030000000000000054 0.02952380952380947
0 0.49640476190476185 0.017357142857142856 0.028619047619047575 0.02480952380952381
0 0.45 0.08857142857142858 0.03571428571428571 0.030952380952380953
0 0.05209523809523809 0.15835714285714284 0.06952380952380952 0.06699999999999999
0 0.018904761904761903 0.36438095238095236 0.03761904761904762 0.07057142857142853
0 0.6837142857142857 0.7976190476190477 0.07047619047619053 0.06495238095238089
0 0.9806904761904761 0.5768809523809524 0.038619047619047685 0.06966666666666671
0 0.20157142857142857 0.42521428571428566 0.05276190476190475 0.04709523809523803
0 0.8522857142857142 0.443047619047619 0.0881904761904761 0.0811428571428571
0 0.5401666666666666 0.1404047619047619 0.06747619047619041 0.06433333333333334
0 0.5975476190476191 0.3365476190476191 0.06671428571428574 0.06319047619047624
0 0.9273095238095237 0.9056190476190477 0.054904761904761776 0.053523809523809564
0 0.22033333333333335 0.7694761904761905 0.06552380952380955 0.06504761904761917