0 0.5148267326732674 0.8615841584158416 0.06529702970297029 0.061386138613861274
0 0.536980198019802 0.11232673267326732 0.02673267326732676 0.02376237623762375
0 0.5671782178217822 0.012103960396039603 0.02673267326732676 0.024207920792079205
0 0.3079207920792079 0.1316831683168317 0.02772277227722773 0.025742574257425755
0 0.8760643564356436 0.6027722772277228 0.04836633663366328 0.04514851485148517
0 0.8638613861386139 0.9851485148514851 0.07920792079207921 0.0297029702970297
0 0.9611386138613862 0.5462871287128712 0.03811881188118806 0.033168316831683115
0 0.34680693069306934 0.0151980198019802 0.027178217821782223 0.026435643564356435
0 0.975 0.7168316831683169 0.03811881188118806 0.03861386138613867
0 0.6267821782178217 0.5735148514851485 0.0287128712871287 0.027722772277227695
0 0.9653465346534653 0.3614851485148515 0.0297029702970297 0.027227722772277228
0 0.6290594059405941 0.2777475247524752 0.032673267326732716 0.03074257425742571
0 0.7376732673267327 0.5950990099009902 0.04158415841584147 0.03861386138613867
0 0.10985148514851485 0.04782178217821782 0.039801980198019796 0.039801980198019796