0 0.10288990825688073 0.4826694915254237 0.09559633027522937 0.0847457627118644
0 0.9842660550458715 0.35894067796610174 0.02935779816513751 0.030932203389830555
0 0.7459174311926605 0.3883262711864407 0.028440366972477014 0.021652542372881414
0 0.5729816513761468 0.16860169491525423 0.04357798165137615 0.039152542372881335
0 0.0963302752293578 0.989406779661017 0.027522935779816515 0.0211864406779661
0 0.7175688073394496 0.44546610169491524 0.03256880733944965 0.028389830508474528
0 0.9259633027522937 0.5363983050847457 0.043761467889908354 0.03644067796610173
0 0.5821559633027523 0.5955296610169493 0.05385321100917429 0.048432203389830536
0 0.4607798165137615 0.5139618644067797 0.05743119266055051 0.04995762711864404
0 0.8178669724770643 0.16764830508474576 0.0546330275229359 0.05046610169491524
0 0.9306651376146788 0.020995762711864405 0.07839449541284392 0.04199152542372881
0 0.27057339449541284 0.9703601694915254 0.08270642201834863 0.05927966101694919
0 0.3764220183486239 0.24059322033898306 0.04862385321100915 0.04525423728813562
0 0.2208256880733945 0.03385593220338983 0.063394495412844 0.051440677966101696
0 0.7551146788990826 0.9840466101694915 0.07013761467889917 0.031906779661016835
0 0.5531422018348624 0.062139830508474575 0.10233944954128442 0.09165254237288134
0 0.8520642201834863 0.36377118644067796 0.08899082568807329 0.0853389830508474
0 0.2521330275229358 0.5946822033898305 0.08573394495412846 0.07512711864406788
0 0.7110550458715598 0.3680508474576271 0.04862385321100928 0.0423728813559322
0 0.4036697247706422 0.10372881355932202 0.0644954128440367 0.054406779661016966
0 0.7235779816513761 0.07444915254237289 0.05999999999999993 0.04652542372881357
0 0.09178899082568806 0.14122881355932201 0.08853211009174311 0.08177966101694914
0 0.832362385321101 0.5522457627118644 0.079954128440367 0.06728813559322032
0 0.40837155963302757 0.380614406779661 0.09417431192660551 0.08843220338983053
0 0.2353440366972477 0.4331567796610169 0.05490825688073394 0.049194915254237345
0 0.23970183486238533 0.22533898305084746 0.09518348623853211 0.08661016949152542
0 0.5084862385321101 0.264406779661017 0.059816513761467856 0.05296610169491529
0 0.947408256880734 0.15815677966101696 0.09188073394495401 0.0830084745762712
0 0.6831192660550459 0.2125423728813559 0.08623853211009179 0.07754237288135592
0 0.617545871559633 0.370593220338983 0.049678899082568735 0.042033898305084694
0 0.1026834862385321 0.3223093220338983 0.05610091743119268 0.05097457627118645
0 0.01451834862385321 0.15614406779661014 0.02903669724770642 0.03644067796610167