0 0.6141737288135592 0.02375 0.05851694915254238 0.0475
0 0.45875 0.5569915254237288 0.02317796610169491 0.023305084745762712
0 0.9151271186440678 0.4663559322033898 0.028813559322033947 0.028389830508474528
0 0.7785381355932203 0.14478813559322035 0.045381355932203306 0.04025423728813559
0 0.32061440677966097 0.01690677966101695 0.06614406779661022 0.0338135593220339
0 0.1876271186440678 0.5092584745762712 0.03999999999999999 0.0425
0 0.4450847457627119 0.26555084745762714 0.04406779661016952 0.04322033898305083
0 0.8117584745762711 0.048220338983050844 0.044025423728813504 0.04110169491525423
0 0.5861440677966101 0.12360169491525425 0.04533898305084741 0.043644067796610155
0 0.22716101694915253 0.6841313559322034 0.04127118644067795 0.042245762711864525
0 0.5811652542372882 0.9677542372881357 0.03512711864406788 0.035677966101694984
0 0.920529661016949 0.8677118644067797 0.04114406779661008 0.036016949152542374
0 0.8915254237288136 0.020572033898305087 0.059745762711864506 0.04114406779661017
0 0.9054661016949153 0.11019067796610169 0.04500000000000002 0.04826271186440678
0 0.22332627118644066 0.889364406779661 0.02707627118644068 0.025423728813559324
0 0.03478813559322033 0.9580296610169492 0.024576271186440683 0.02453389830508483
0 0.1996186440677966 0.955042372881356 0.02627118644067798 0.024576271186440728
0 0.6390677966101694 0.8571186440677966 0.029661016949152543 0.027118644067796512
0 0.30177966101694914 0.9316949152542373 0.03559322033898307 0.03347457627118634
0 0.7747881355932204 0.8940677966101694 0.029237288135593124 0.029661016949152543
0 0.696313559322034 0.17661016949152541 0.023305084745762712 0.020762711864406803
0 0.2952542372881356 0.6314830508474576 0.048728813559322036 0.04194915254237278
0 0.049449152542372886 0.12529661016949153 0.022881355932203383 0.023305084745762712
0 0.32538135593220335 0.7332627118644067 0.03474576271186436 0.035593220338982955
0 0.07550847457627119 0.5306355932203389 0.03135593220338982 0.028813559322033885
0 0.8697457627118643 0.979406779661017 0.037711864406779566 0.036440677966101793
0 0.4847245762711865 0.022478813559322033 0.0623305084745763 0.04495762711864407