0 0.31706730769230773 0.5745192307692307 0.05192307692307695 0.04374999999999997
0 0.4632211538461538 0.3132211538461539 0.10038461538461536 0.10211538461538462
0 0.39283653846153843 0.07752403846153846 0.08538461538461534 0.09697115384615386
0 0.07841346153846153 0.07177884615384615 0.06692307692307693 0.08192307692307692
0 0.16322115384615385 0.05158653846153846 0.08307692307692308 0.06923076923076922
0 0.06225961538461538 0.33855769230769234 0.10615384615384614 0.09173076923076925
0 0.2899038461538461 0.7836538461538461 0.08461538461538459 0.09038461538461544
0 0.1735576923076923 0.9836538461538461 0.03461538461538463 0.03269230769230775
0 0.15625 0.7173076923076924 0.0826923076923077 0.07596153846153851
0 0.5241346153846154 0.5873076923076923 0.08605769230769234 0.08124999999999996
0 0.14298076923076922 0.4553846153846154 0.07932692307692306 0.0663461538461539
0 0.6994711538461539 0.22605769230769232 0.09634615384615394 0.0975
0 0.6625000000000001 0.8645673076923076 0.07740384615384627 0.07644230769230759
0 0.8653846153846154 0.7996634615384615 0.07932692307692307 0.0850961538461538
0 0.7786057692307692 0.5929326923076922 0.07788461538461533 0.06490384615384609
0 0.9598557692307692 0.24759615384615385 0.08028846153846149 0.09519230769230767
0 0.7689903846153846 0.39091346153846146 0.08028846153846149 0.07788461538461533
0 0.5647836538461538 0.18754807692307696 0.03552884615384609 0.0355769230769231
0 0.9142067307692308 0.47889423076923077 0.03408653846153834 0.03548076923076921
0 0.6751442307692308 0.48012019230769226 0.03365384615384615 0.03552884615384609
0 0.4367788461538461 0.5923076923076923 0.04807692307692308 0.04759615384615387
0 0.5556730769230769 0.7523557692307693 0.04134615384615382 0.04375000000000011