0 0.5745353982300885 0.03719026548672566 0.10570796460176986 0.07438053097345132
0 0.8069690265486725 0.05488938053097345 0.11721238938053101 0.1097787610619469
0 0.3011504424778761 0.9460176991150442 0.12734513274336284 0.1079646017699114
0 0.05816371681415929 0.46139380530973445 0.062256637168141594 0.05712389380530972
0 0.02081858407079646 0.26256637168141594 0.04163716814159292 0.11309734513274337
0 0.7634513274336283 0.3645353982300885 0.06946902654867251 0.05376106194690268
0 0.45190265486725667 0.6660398230088496 0.07309734513274341 0.07579646017699113
0 0.5685176991150444 0.4792699115044248 0.1380088495575221 0.1423451327433629
0 0.2315265486725664 0.04544247787610619 0.09995575221238939 0.09088495575221238
0 0.2797566371681416 0.48606194690265486 0.1441150442477876 0.14247787610619464
0 0.9513274336283186 0.48008849557522126 0.09734513274336283 0.11504424778761062