0 0.9627970297029702 0.3846782178217822 0.0591584158415841 0.062029702970297036
0 0.19891089108910892 0.7268316831683168 0.04455445544554455 0.046039603960396094
0 0.030816831683168316 0.9741831683168317 0.0450990099009901 0.051633663366336666
0 0.7007920792079207 0.894108910891089 0.04207920792079208 0.04158415841584147
0 0.8445297029702971 0.03353960396039604 0.055990099009901 0.049554455445544564
0 0.6171039603960397 0.7843316831683168 0.08153465346534645 0.0724257425742574
0 0.3684653465346535 0.9046039603960395 0.07099009900990101 0.06712871287128715
0 0.2511881188118812 0.8345049504950495 0.06871287128712869 0.06871287128712869
0 0.9004950495049504 0.8524752475247525 0.056435643564356326 0.06039603960396034
0 0.5256435643564356 0.3040841584158416 0.07148514851485148 0.06331683168316828
0 0.7985643564356434 0.6567079207920792 0.05118811881188107 0.048465346534653495