0 0.654433962264151 0.7684905660377359 0.14018867924528308 0.12698113207547176
0 0.6456603773584906 0.42471698113207546 0.13952830188679238 0.12886792452830184
0 0.2749292452830189 0.8309433962264151 0.11853773584905658 0.1116981132075472
0 0.060849056603773585 0.7566509433962265 0.12169811320754717 0.12075471698113219
0 0.8991745283018868 0.8443396226415094 0.11891509433962255 0.11613207547169814
0 0.4470283018867925 0.7313443396226414 0.06716981132075477 0.06646226415094328
0 0.6197641509433962 0.9302830188679245 0.044339622641509396 0.04311320754716975
0 0.3429245283018868 0.5242688679245283 0.08094339622641508 0.07957547169811323
0 0.37141509433962266 0.6420518867924528 0.03858490566037739 0.038066037735849025
0 0.5241981132075472 0.6631132075471697 0.05283018867924523 0.050471698113207494
0 0.5998820754716981 0.615 0.040047169811320796 0.03490566037735845
0 0.05992924528301888 0.28358490566037736 0.06466981132075474 0.056603773584905696
0 0.8932075471698112 0.29283018867924526 0.061132075471698015 0.06