0 0.4301363636363636 0.3068181818181818 0.08800000000000006 0.07963636363636364
0 0.7954545454545454 0.07204545454545455 0.07545454545454555 0.0720909090909091
0 0.22688636363636364 0.5778863636363637 0.05686363636363639 0.05322727272727276
0 0.07254545454545455 0.45968181818181814 0.05727272727272728 0.050454545454545426
0 0.4132272727272727 0.7770909090909092 0.05536363636363639 0.04400000000000003
0 0.6773636363636363 0.8505681818181818 0.06654545454545448 0.05886363636363631
0 0.5941363636363637 0.02831818181818182 0.07581818181818185 0.05663636363636364
0 0.06793181818181818 0.9264772727272726 0.07613636363636364 0.06849999999999996
0 0.5712272727272727 0.4679545454545454 0.08036363636363633 0.07363636363636358
0 0.7980454545454545 0.7584090909090909 0.08445454545454538 0.07536363636363629
0 0.10618181818181818 0.07304545454545455 0.07509090909090907 0.06927272727272728
0 0.9818181818181818 0.19772727272727272 0.03636363636363636 0.06818181818181818
0 0.11497727272727273 0.22038636363636363 0.06131818181818181 0.05686363636363639
0 0.4694545454545454 0.5815909090909092 0.06781818181818176 0.0653636363636364
0 0.9141818181818182 0.5689318181818181 0.07618181818181814 0.07004545454545459
0 0.31336363636363634 0.42315909090909093 0.06781818181818179 0.07950000000000004
0 0.9370454545454546 0.9690000000000001 0.04409090909090904 0.0390909090909092
0 0.7725909090909091 0.5235227272727273 0.07654545454545443 0.06931818181818182