0 0.9720183486238533 0.9050458715596331 0.049541284403669776 0.045871559633027525
0 0.2446788990825688 0.8222018348623854 0.04724770642201834 0.045871559633027525
0 0.15087155963302754 0.950848623853211 0.04678899082568809 0.04720183486238542
0 0.5084403669724771 0.9472018348623854 0.05183486238532115 0.0472477064220184
0 0.6446788990825689 0.9671559633027523 0.046330275229357905 0.04220183486238527
0 0.746743119266055 0.893532110091743 0.05688073394495403 0.05458715596330265
0 0.4694495412844037 0.8256422018348623 0.0481651376146789 0.0499999999999999
0 0.7244954128440367 0.6609633027522934 0.04770642201834852 0.045412844036697146
0 0.7981192660550458 0.6056880733944954 0.0499999999999999 0.04862385321100921
0 0.6316055045871559 0.5559174311926606 0.0490825688073394 0.0481651376146789
0 0.9107110091743119 0.45201834862385315 0.049495412844036794 0.04862385321100915
0 0.581605504587156 0.45270642201834865 0.05055045871559638 0.049541284403669776
0 0.27 0.4215596330275229 0.06467889908256878 0.06467889908256878
0 0.13100917431192663 0.39541284403669724 0.05642201834862384 0.05550458715596328
0 0.4009174311926605 0.28440366972477066 0.05137614678899077 0.05137614678899081
0 0.13738532110091745 0.2811697247706422 0.07036697247706424 0.060963302752293544
0 0.08263761467889909 0.8580504587155964 0.06811926605504588 0.06821100917431194
0 0.040068807339449536 0.5002293577981651 0.06288990825688073 0.0613761467889908
0 0.3431651376146788 0.9463302752293579 0.07889908256880729 0.0741284403669726
0 0.45217889908256875 0.48688073394495407 0.08665137614678893 0.07605504587155956
0 0.8922935779816513 0.24623853211009175 0.09009174311926599 0.08266055045871558
0 0.1771788990825688 0.5787155963302753 0.0760091743119266 0.08862385321100914
0 0.595894495412844 0.7987385321100917 0.07270642201834866 0.0667431192660551
0 0.755665137614679 0.5034403669724771 0.08701834862385334 0.08256880733944955
0 0.6133256880733944 0.27357798165137615 0.07463302752293575 0.06596330275229356
0 0.8512844036697247 0.7587844036697249 0.07486238532110089 0.0709633027522937
0 0.6713761467889909 0.26509174311926603 0.03256880733944965 0.03211009174311927
0 0.9459633027522936 0.13252293577981653 0.03467889908256882 0.03412844036697247
0 0.4834174311926605 0.02041284403669725 0.04408256880733951 0.0408256880733945
0 0.8719724770642202 0.029128440366972475 0.04128440366972477 0.0389908256880734
0 0.3220871559633028 0.09050458715596331 0.04555045871559636 0.04495412844036698
0 0.09743119266055045 0.5746788990825689 0.04082568807339449 0.04266055045871565
0 0.291697247706422 0.5276605504587156 0.03761467889908255 0.037614678899082515
0 0.8003211009174311 0.16350917431192663 0.030733944954128387 0.031238532110091755
0 0.024357798165137612 0.1884862385321101 0.048715596330275224 0.0522935779816514
0 0.08596330275229357 0.6740366972477064 0.05091743119266056 0.05045871559633028