0 0.28745145631067964 0.8439320388349514 0.0859708737864078 0.07970873786407774
0 0.24873786407766987 0.5097572815533981 0.06077669902912619 0.054271844660194205
0 0.8567961165048543 0.9830097087378641 0.06310679611650485 0.03398058252427184
0 0.6542961165048543 0.9008980582524271 0.07616504854368931 0.07713592233009701
0 0.780752427184466 0.9568689320388348 0.042766990291262144 0.037427184466019316
0 0.9515776699029127 0.48475728155339803 0.03859223300970868 0.03640776699029126
0 0.7307281553398058 0.7298058252427184 0.06766990291262134 0.06514563106796124
0 0.7764077669902912 0.5341504854368933 0.061067961165048465 0.0560679611650486
0 0.42893203883495146 0.6556553398058252 0.06436893203883491 0.06237864077669914
0 0.5704854368932039 0.555121359223301 0.06300970873786403 0.059757281553398066
0 0.07378640776699029 0.23424757281553396 0.06902912621359222 0.06587378640776696
0 0.8852912621359224 0.776359223300971 0.04339805825242717 0.04242718446601946
0 0.09550970873786409 0.5500485436893204 0.06082524271844661 0.05757281553398065
0 0.4514320388349514 0.2852912621359223 0.0593689320388349 0.05679611650485438
0 0.9474271844660194 0.625752427184466 0.06223300970873783 0.05830097087378636
0 0.5444660194174757 0.7464077669902913 0.04310679611650483 0.04388349514563117
0 0.2518932038834952 0.6479611650485436 0.054271844660194205 0.05611650485436894
0 0.23500000000000001 0.1171359223300971 0.08038834951456311 0.0804854368932039
0 0.013786407766990291 0.44046116504854377 0.02669902912621359 0.04665048543689327