0 0.1847457627118644 0.28245762711864403 0.037711864406779684 0.03644067796610167
0 0.40550847457627115 0.2953389830508475 0.05169491525423724 0.04915254237288133
0 0.7970762711864406 0.14004237288135593 0.10754237288135592 0.10296610169491524
0 0.9845762711864406 0.5358686440677967 0.03084745762711853 0.06750000000000003
0 0.3715677966101695 0.49851694915254235 0.07627118644067797 0.07499999999999996
0 0.42347457627118645 0.9010593220338984 0.09745762711864407 0.09025423728813564
0 0.6781355932203389 0.8963983050847458 0.08898305084745763 0.08601694915254242
0 0.6922033898305086 0.40080508474576265 0.0826271186440678 0.08135593220338978
0 0.8880932203389831 0.8542372881355932 0.07754237288135599 0.08050847457627118
0 0.3591525423728813 0.07970338983050848 0.07457627118644065 0.07500000000000001
0 0.07033898305084746 0.14769067796610172 0.04957627118644068 0.04995762711864405