0 0.832037037037037 0.4406481481481481 0.041666666666666664 0.04259259259259254
0 0.1587037037037037 0.053981481481481484 0.03379629629629628 0.03333333333333333
0 0.07768518518518519 0.14726851851851852 0.041203703703703694 0.03749999999999999
0 0.18902777777777777 0.1650925925925926 0.046296296296296294 0.04074074074074073
0 0.6958101851851852 0.03326388888888889 0.04356481481481493 0.04921296296296296
0 0.4621064814814815 0.13625 0.05541666666666666 0.05712962962962965
0 0.9527314814814816 0.5810185185185185 0.07509259259259272 0.07407407407407407
0 0.015671296296296294 0.7223611111111111 0.03134259259259259 0.07824074074074064
0 0.771712962962963 0.688888888888889 0.07972222222222235 0.07407407407407407
0 0.08550925925925926 0.6142592592592593 0.0888888888888889 0.07407407407407407
0 0.19569444444444445 0.6251388888888889 0.08333333333333333 0.08564814814814815
0 0.21884259259259262 0.8186574074074073 0.09351851851851853 0.0874999999999999
0 0.03581018518518519 0.9082407407407407 0.07162037037037038 0.09907407407407397
0 0.7383333333333333 0.9092592592592593 0.07962962962962958 0.07407407407407407
0 0.9416203703703704 0.8666666666666666 0.0760185185185186 0.06481481481481481
0 0.8601851851851853 0.03263888888888889 0.08240740740740746 0.06527777777777778
0 0.01972222222222222 0.284375 0.03944444444444444 0.06782407407407406
0 0.14847222222222223 0.26435185185185184 0.06898148148148149 0.06990740740740738
0 0.360462962962963 0.30335648148148153 0.06055555555555561 0.059027777777777776
0 0.5233796296296296 0.55875 0.06712962962962964 0.06990740740740745
0 0.3486111111111111 0.6105092592592593 0.07407407407407407 0.06787037037037041
0 0.08499999999999999 0.4466203703703704 0.031944444444444435 0.031481481481481534
0 0.29624999999999996 0.3578240740740741 0.03055555555555553 0.03194444444444447
0 0.3508796296296296 0.37611111111111106 0.0259259259259259 0.0259259259259259
0 0.35087962962962965 0.4696296296296296 0.027777777777777776 0.0259259259259259
0 0.47824074074074074 0.39337962962962963 0.04351851851851855 0.04398148148148148
0 0.647685185185185 0.4 0.06203703703703693 0.062037037037037064
0 0.5476851851851852 0.865763888888889 0.06972222222222223 0.07800925925925936