0 0.6977173913043478 0.7303478260869566 0.03152173913043478 0.03173913043478266
0 0.10634782608695653 0.9057391304347826 0.031304347826086966 0.03130434782608691
0 0.9490869565217391 0.6999130434782608 0.06826086956521735 0.0691304347826086
0 0.6937826086956521 0.5528913043478261 0.07939130434782604 0.07856521739130432
0 0.2648913043478261 0.23378260869565218 0.05778260869565214 0.04782608695652174
0 0.5081739130434783 0.352695652173913 0.06608695652173908 0.0595652173913043
0 0.28313043478260874 0.5120434782608696 0.06130434782608693 0.05913043478260867
0 0.1772826086956522 0.732695652173913 0.07299999999999997 0.06826086956521735
0 0.4075 0.7698695652173914 0.07439130434782615 0.07217391304347837
0 0.7436304347826087 0.9366739130434781 0.06317391304347814 0.05882608695652162
0 0.35886956521739133 0.38739130434782615 0.03391304347826092 0.034347826086956544
0 0.020478260869565217 0.16073913043478263 0.03139130434782609 0.03217391304347829
0 0.8388695652173913 0.9075217391304349 0.03652173913043468 0.03521739130434792
0 0.6410869565217391 0.7705652173913045 0.043478260869565216 0.04173913043478271