0 0.5500223214285714 0.8128773584905661 0.06343750000000004 0.06415094339622653
0 0.8872544642857143 0.7347641509433963 0.053437500000000124 0.05745283018867928
0 0.7255580357142858 0.5327358490566038 0.05361607142857139 0.05160377358490565
0 0.014107142857142858 0.4850707547169812 0.027142857142857142 0.05523584905660381
0 0.38765625000000004 0.28500000000000003 0.04504464285714287 0.04396226415094336
0 0.9068526785714287 0.6353066037735849 0.04674107142857155 0.0413679245283018
0 0.08928571428571429 0.9787735849056604 0.05357142857142857 0.04245283018867924
0 0.16169642857142857 0.289622641509434 0.06133928571428571 0.05943396226415095
0 0.014843750000000001 0.8853773584905661 0.029687500000000002 0.05943396226415105
0 0.5296875 0.35754716981132073 0.045089285714285686 0.045283018867924504
0 0.9910714285714286 0.6721698113207547 0.017857142857142856 0.0330188679245283
0 0.7582589285714285 0.7181603773584906 0.04866071428571418 0.04386792452830194
0 0.30513392857142857 0.7483490566037736 0.07366071428571429 0.0780188679245284