0 0.3243141592920354 0.14451327433628317 0.02659292035398226 0.025044247787610604
0 0.26256637168141594 0.03373893805309734 0.07504424778761065 0.06747787610619468
0 0.5925221238938053 0.6559734513274337 0.06451327433628318 0.0634513274336282
0 0.7329646017699115 0.28466814159292037 0.08123893805309741 0.08243362831858406
0 0.8953318584070796 0.6670132743362832 0.11057522123893809 0.11146017699115043
0 0.25150442477876106 0.36099557522123893 0.07734513274336281 0.07314159292035399
0 0.5986283185840707 0.42360619469026556 0.0801769911504425 0.0759734513274337
0 0.8692477876106195 0.37099557522123894 0.08734513274336288 0.08526548672566377
0 0.09026548672566372 0.6801327433628319 0.06548672566371681 0.06486725663716825
0 0.13595132743362834 0.148141592920354 0.04261061946902654 0.040619469026548685
0 0.39362831858407077 0.6268584070796459 0.08353982300884953 0.07893805309734503
0 0.025132743362831857 0.19236725663716814 0.050265486725663715 0.1006637168141593
0 0.8006194690265487 0.0845132743362832 0.10964601769911492 0.10460176991150442
0 0.5614380530973451 0.28926991150442477 0.043672566371681376 0.04561946902654868
0 0.21048672566371682 0.519004424778761 0.06265486725663716 0.06243362831858413
0 0.9823008849557522 0.26327433628318586 0.035398230088495575 0.04424778761061947
0 0.026415929203539825 0.09924778761061946 0.04292035398230088 0.043362831858407065
0 0.6294690265486725 0.09933628318584072 0.0504424778761061 0.05176991150442479
0 0.9822345132743362 0.5604867256637168 0.035530973451327316 0.04300884955752212
0 0.9765044247787612 0.4516814159292035 0.03637168141592932 0.0363716814159292
0 0.5155309734513275 0.7453982300884956 0.03353982300884961 0.03345132743362833
0 0.4557079646017699 0.24409292035398228 0.1027433628318584 0.09676991150442477
0 0.22300884955752212 0.28530973451327435 0.035398230088495575 0.034955752212389404
0 0.4141592920353982 0.37566371681415933 0.030973451327433628 0.03008849557522129
0 0.9066814159292035 0.48006637168141597 0.032654867256637146 0.03181415929203539
0 0.41957964601769915 0.4853982300884956 0.03889380530973448 0.03893805309734518
0 0.892920353982301 0.1913716814159292 0.03893805309734518 0.03893805309734512
0 0.34449115044247786 0.03579646017699115 0.03225663716814156 0.030973451327433628