0 0.8357657657657658 0.6982882882882884 0.06531531531531531 0.07432432432432433
0 0.490945945945946 0.6723873873873875 0.06036036036036039 0.06306306306306306
0 0.4204504504504504 0.7597747747747747 0.07522522522522518 0.07297297297297292
0 0.4610135135135135 0.5729054054054055 0.07797297297297298 0.08004504504504503
0 0.6236711711711712 0.7051351351351351 0.03734234234234243 0.036936936936936886
0 0.6786486486486486 0.7575675675675676 0.032882882882882936 0.032882882882882936
0 0.17231981981981984 0.8536486486486486 0.045090090090090115 0.04369369369369364
0 0.3062837837837838 0.6346171171171171 0.07121621621621622 0.0749099099099099
0 0.11369369369369367 0.7183333333333334 0.07882882882882881 0.07297297297297292
0 0.39941441441441444 0.4234684684684685 0.030630630630630682 0.032882882882882936
0 0.08502252252252253 0.9240540540540539 0.04779279279279279 0.039189189189189136
0 0.7022522522522523 0.5322522522522523 0.06666666666666672 0.06126126126126123
0 0.2594594594594594 0.44549549549549544 0.06486486486486485 0.06396396396396391
0 0.6381081081081081 0.6196846846846846 0.036936936936936886 0.034684684684684636
0 0.25486486486486487 0.9787162162162163 0.06864864864864866 0.042567567567567514
0 0.6229279279279278 0.8129279279279279 0.08108108108108109 0.08468468468468474
0 0.8589639639639639 0.8490315315315314 0.07567567567567572 0.09355855855855848