0 0.46036363636363636 0.6834285714285715 0.039090909090909065 0.04047619047619048
0 0.9495454545454546 0.6669047619047618 0.08181818181818182 0.07476190476190471
0 0.7604318181818182 0.6990476190476189 0.03277272727272718 0.03523809523809513
0 0.09809090909090909 0.4569761904761905 0.0401818181818182 0.04223809523809526
0 0.7111136363636363 0.8882857142857142 0.07095454545454552 0.07238095238095232
0 0.4577045454545454 0.8706666666666667 0.05159090909090906 0.05504761904761906
0 0.9096136363636365 0.836547619047619 0.04677272727272737 0.04442857142857135
0 0.07304545454545455 0.9799285714285714 0.0489090909090909 0.040142857142857175
0 0.5882272727272727 0.9417857142857143 0.032454545454545396 0.034523809523809526
0 0.04572727272727273 0.6480238095238096 0.04954545454545455 0.04766666666666662
0 0.979340909090909 0.3897380952380952 0.04104545454545442 0.04138095238095237
0 0.5165681818181818 0.9404761904761905 0.041681818181818125 0.04028571428571419
0 0.9044545454545454 0.4929761904761905 0.056909090909090826 0.059380952380952375
0 0.11756818181818182 0.733452380952381 0.046227272727272735 0.04585714285714283
0 0.3050227272727273 0.9295238095238094 0.06849999999999996 0.07180952380952374
0 0.7942045454545456 0.6468809523809523 0.049045454545454635 0.04766666666666662
0 0.5121363636363636 0.7952142857142858 0.044636363636363606 0.04557142857142854
0 0.15154545454545457 0.5204523809523809 0.041636363636363624 0.041285714285714224
0 0.7892727272727272 0.7691190476190476 0.06509090909090906 0.06023809523809513
0 0.1353181818181818 0.8831666666666667 0.062454545454545464 0.06395238095238098
0 0.2305909090909091 0.626452380952381 0.051454545454545426 0.05138095238095241
0 0.3402727272727273 0.7045714285714286 0.06390909090909092 0.06638095238095237