0 0.6082638888888888 0.018587962962962962 0.039861111111111173 0.037175925925925925
0 0.4728703703703704 0.0450462962962963 0.03287037037037034 0.036111111111111115
0 0.37939814814814815 0.03550925925925926 0.06435185185185188 0.06064814814814814
0 0.8843055555555557 0.05578703703703704 0.04907407407407418 0.04305555555555557
0 0.6118518518518519 0.14583333333333334 0.06805555555555551 0.0699074074074074
0 0.8130092592592594 0.11643518518518518 0.06296296296296307 0.06203703703703703
0 0.8694907407407407 0.3162037037037037 0.06666666666666655 0.06805555555555554
0 0.4731712962962963 0.316087962962963 0.0694907407407407 0.061527777777777744
0 0.9264351851851852 0.6462962962962963 0.07407407407407407 0.07083333333333339
0 0.3335648148148148 0.3269907407407407 0.0689814814814815 0.06574074074074072
0 0.2747916666666667 0.17759259259259258 0.06615740740740737 0.062407407407407425
0 0.6187962962962963 0.4266203703703703 0.06620370370370375 0.06296296296296294