0 0.8893541666666667 0.4358541666666666 0.09562499999999995 0.0917083333333333
0 0.10479166666666666 0.32541666666666663 0.089 0.09116666666666665
0 0.6769166666666667 0.5763750000000001 0.042916666666666714 0.041666666666666664
0 0.32449999999999996 0.9240208333333333 0.0635833333333333 0.05945833333333326
0 0.6887708333333333 0.3484791666666667 0.056541666666666636 0.05804166666666669
0 0.7985208333333333 0.8048541666666668 0.09520833333333342 0.09337500000000011
0 0.4021875 0.15418749999999998 0.11629166666666665 0.11579166666666665
0 0.9131041666666666 0.9802916666666666 0.08962499999999997 0.03941666666666658
0 0.2521666666666667 0.44308333333333333 0.083 0.07891666666666666
0 0.5735833333333333 0.20983333333333334 0.09258333333333327 0.08974999999999997
0 0.3421875 0.6223124999999999 0.10687500000000003 0.1044583333333333
0 0.15933333333333335 0.8841666666666667 0.09191666666666667 0.09283333333333323
0 0.25399999999999995 0.19249999999999998 0.037333333333333364 0.03574999999999999
0 0.10835416666666667 0.6800416666666665 0.04945833333333332 0.03866666666666655
0 0.47229166666666667 0.738 0.04833333333333331 0.04375
0 0.6638541666666667 0.9767916666666667 0.07129166666666673 0.04641666666666661
0 0.8583333333333333 0.6152291666666667 0.0486666666666667 0.04279166666666659
0 0.2886458333333334 0.8025416666666666 0.05287499999999999 0.05008333333333326
0 0.47433333333333333 0.4596041666666667 0.06375000000000004 0.05670833333333339
0 0.9413125 0.7294166666666667 0.04720833333333327 0.04183333333333342
0 0.98125 0.06666666666666667 0.0375 0.06666666666666667
0 0.06777083333333334 0.49877083333333333 0.04879166666666667 0.043124999999999976