0 0.1495631067961165 0.4617233009708738 0.05330097087378643 0.04936893203883489
0 0.42587378640776696 0.15114077669902912 0.0689320388349514 0.06694174757281554
0 0.8886407766990292 0.26810679611650484 0.06601941747572826 0.0669902912621359
0 0.4509708737864078 0.7936893203883495 0.07669902912621365 0.07572815533980594
0 0.6990291262135923 0.8305825242718446 0.06990291262135911 0.06796116504854369
0 0.2466019417475728 0.7762378640776699 0.0635922330097087 0.0620873786407768
0 0.9488349514563106 0.3888834951456311 0.06349514563106788 0.06495145631067958
0 0.878495145631068 0.10856796116504855 0.07330097087378652 0.06451456310679611
0 0.25456310679611655 0.675485436893204 0.06893203883495147 0.06407766990291257
0 0.10213592233009708 0.6395631067961165 0.0737864077669903 0.06990291262135918
0 0.9587378640776699 0.9781553398058253 0.04854368932038835 0.043689320388349516
0 0.7475728155339806 0.9733009708737864 0.06796116504854369 0.05339805825242718
0 0.1319902912621359 0.7825728155339806 0.0728155339805825 0.06174757281553411
0 0.03507281553398058 0.9727669902912621 0.05150485436893203 0.050485436893203776
0 0.2783009708737864 0.9259223300970875 0.06893203883495144 0.06456310679611656
0 0.16519417475728157 0.9433980582524271 0.07184466019417475 0.07233009708737853
0 0.6415533980582524 0.1707766990291262 0.07669902912621365 0.07572815533980581