0 0.15849056603773587 0.9438839285714286 0.08320754716981132 0.07830357142857151
0 0.8063207547169812 0.8929241071428571 0.07132075471698116 0.06950892857142854
0 0.5917924528301887 0.9296875 0.07471698113207542 0.07017857142857155
0 0.9568867924528301 0.8530803571428571 0.06792452830188668 0.06696428571428571
0 0.499811320754717 0.7033482142857144 0.07188679245283024 0.06321428571428582
0 0.3560377358490566 0.6714732142857143 0.07075471698113207 0.0605357142857143
0 0.15226415094339624 0.8064732142857143 0.07188679245283018 0.06267857142857151
0 0.018254716981132076 0.9211160714285713 0.03650943396226415 0.07232142857142852
0 0.19924528301886793 0.4920089285714286 0.07641509433962265 0.0754464285714286
0 0.3350943396226415 0.4855357142857143 0.07735849056603776 0.07589285714285714
0 0.4817924528301887 0.5382142857142858 0.07075471698113207 0.0651785714285714
0 0.6077358490566038 0.49781250000000005 0.07830188679245287 0.07366071428571429
0 0.936745283018868 0.4437946428571428 0.08160377358490571 0.0754464285714286
0 0.9764150943396226 0.24776785714285715 0.04716981132075472 0.09375
0 0.7987735849056604 0.2819642857142857 0.08301886792452841 0.08035714285714286
0 0.6122169811320756 0.29066964285714286 0.07783018867924528 0.07901785714285713
0 0.3098584905660377 0.24044642857142856 0.07877358490566036 0.07410714285714283
0 0.23665094339622642 0.3598660714285714 0.0568867924528302 0.05401785714285712
0 0.01929245283018868 0.5284375 0.03858490566037736 0.06785714285714281
0 0.5967216981132075 0.10589285714285714 0.07731132075471692 0.07098214285714285
0 0.43849056603773584 0.07026785714285713 0.07547169811320754 0.06874999999999999
0 0.6969339622641509 0.7641964285714286 0.05188679245283019 0.048214285714285765
0 0.7493160377358491 0.5505803571428571 0.05004716981132082 0.05401785714285712
0 0.2745754716981132 0.046383928571428576 0.075 0.07276785714285713
0 0.10971698113207548 0.061116071428571436 0.08301886792452831 0.07633928571428572
0 0.10504716981132076 0.33819196428571435 0.07924528301886795 0.07361607142857148
0 0.7318867924528302 0.6895535714285714 0.05660377358490566 0.05044642857142862
0 0.8205660377358491 0.44138392857142855 0.04386792452830194 0.040624999999999974
0 0.8453301886792454 0.4980803571428571 0.035849056603773695 0.03437499999999995
0 0.2261792452830189 0.8700892857142858 0.054245283018867926 0.05357142857142857
0 0.3778301886792453 0.8931919642857143 0.08377358490566034 0.08415178571428582