0 0.6101906779661017 0.01608050847457627 0.030550847457627033 0.03216101694915254
0 0.7598093220338983 0.8727754237288136 0.07427966101694904 0.07156779661016943
0 0.06847457627118644 0.9065677966101694 0.07983050847457626 0.07957627118644056
0 0.5929025423728813 0.9636440677966103 0.08165254237288128 0.07093220338983054
0 0.37396186440677964 0.04949152542372881 0.09792372881355937 0.09466101694915256
0 0.5778177966101695 0.4673093220338983 0.09216101694915255 0.0832627118644068
0 0.19786016949152543 0.6230296610169492 0.08978813559322033 0.08699152542372869
0 0.8663559322033897 0.5780084745762711 0.08169491525423717 0.0719491525423729
0 0.7916101694915254 0.21938559322033901 0.09067796610169482 0.09411016949152545
0 0.18997881355932203 0.2339406779661017 0.1048728813559322 0.09855932203389833
0 0.6597881355932204 0.6265466101694915 0.047033898305084844 0.04394067796610172
0 0.8729661016949152 0.0725635593220339 0.0641525423728813 0.0398728813559322
0 0.28493644067796614 0.1511228813559322 0.04258474576271188 0.03826271186440679
0 0.5935169491525425 0.17434322033898306 0.04652542372881364 0.045550847457627115
0 0.9759322033898306 0.19377118644067795 0.04067796610169501 0.04067796610169489
0 0.08334745762711865 0.5718220338983051 0.04322033898305085 0.04364406779661022
0 0.16625 0.04033898305084745 0.04046610169491524 0.03567796610169492
0 0.0850635593220339 0.3894067796610169 0.034364406779661016 0.03644067796610167