0 0.016947115384615383 0.01627403846153846 0.03389423076923077 0.03254807692307692
0 0.08413461538461539 0.5386057692307692 0.049038461538461545 0.053846153846153794
0 0.11463942307692308 0.5417307692307692 0.0495673076923077 0.05240384615384618
0 0.5534615384615384 0.4820192307692307 0.06826923076923072 0.0629807692307692
0 0.34882211538461544 0.34471153846153846 0.07735576923076924 0.06923076923076926
0 0.07288461538461538 0.9754567307692307 0.07509615384615384 0.04908653846153836
0 0.640625 0.7890384615384615 0.056249999999999946 0.057211538461538355
0 0.8690384615384616 0.21295673076923077 0.057019230769230836 0.06254807692307694
0 0.7610817307692308 0.3440625 0.051682692307692304 0.05245192307692306
0 0.590985576923077 0.3082692307692308 0.08639423076923076 0.08288461538461539
0 0.7557451923076923 0.18985576923076924 0.06062500000000007 0.055673076923076915
0 0.9435576923076923 0.1 0.06894230769230757 0.07028846153846152
0 0.1193028846153846 0.15959134615384615 0.09591346153846156 0.08572115384615384
0 0.7293990384615385 0.9297836538461538 0.09302884615384627 0.08725961538461527
0 0.8254326923076923 0.48788461538461536 0.08230769230769233 0.07894230769230777
0 0.4761538461538461 0.6854807692307692 0.08971153846153844 0.08038461538461551
0 0.6967307692307693 0.658485576923077 0.10865384615384627 0.11716346153846156