0 0.28639583333333335 0.785 0.040541666666666656 0.0375
0 0.076875 0.8780416666666666 0.07083333333333333 0.06666666666666667
0 0.450625 0.881125 0.05166666666666669 0.049583333333333236
0 0.721875 0.8941666666666667 0.07541666666666676 0.075
0 0.8975833333333333 0.6712083333333333 0.06666666666666667 0.06583333333333338
0 0.57275 0.6976875000000001 0.07449999999999998 0.07879166666666677
0 0.6315000000000001 0.884875 0.02458333333333324 0.025
0 0.43083333333333335 0.6366666666666666 0.03875000000000005 0.04041666666666662
0 0.9101666666666667 0.5311875 0.04666666666666662 0.040791666666666636
0 0.24233333333333332 0.869125 0.055416666666666684 0.05458333333333343
0 0.9908541666666667 0.16595833333333332 0.01829166666666661 0.025833333333333344
0 0.33920833333333333 0.9575625 0.04658333333333336 0.040708333333333256
0 0.6237916666666667 0.42091666666666666 0.036249999999999956 0.035416666666666666
0 0.17375000000000002 0.7389583333333333 0.03916666666666669 0.03958333333333333