0 0.035841346153846154 0.1705 0.07168269230769231 0.15214285714285716
0 0.11567307692307693 0.8486428571428571 0.09615384615384616 0.125
0 0.27740384615384617 0.45235714285714285 0.07403846153846157 0.09385714285714292
0 0.33985576923076927 0.8071428571428572 0.038557692307692355 0.05857142857142849
0 0.5176682692307693 0.8028571428571429 0.0490865384615385 0.07142857142857142
0 0.914423076923077 0.7278571428571429 0.10865384615384627 0.15714285714285714
0 0.8295192307692307 0.08542857142857144 0.039423076923076866 0.0542857142857143
0 0.2320673076923077 0.5757857142857142 0.052884615384615384 0.07357142857142865
0 0.6473076923076923 0.06399999999999999 0.038461538461538464 0.055714285714285716
0 0.5835336538461539 0.506 0.10956730769230773 0.14642857142857144
0 0.3327403846153846 0.15028571428571427 0.10624999999999997 0.14071428571428574