0 0.023949579831932775 0.9805882352941176 0.04789915966386555 0.03882352941176474
0 0.6772689075630252 0.830546218487395 0.07159663865546227 0.07168067226890758
0 0.16186974789915967 0.9742436974789916 0.0795378151260504 0.05151260504201677
0 0.5323109243697479 0.5626890756302522 0.06142857142857145 0.05739495798319332
0 0.03382352941176471 0.7580042016806723 0.06764705882352942 0.07382352941176468
0 0.25313025210084034 0.7825420168067228 0.0860924369747899 0.07424369747899166
0 0.027794117647058823 0.4207352941176471 0.05558823529411765 0.06231092436974795
0 0.34163865546218486 0.6344327731092437 0.07789915966386551 0.07710084033613455
0 0.38665966386554623 0.533718487394958 0.0442436974789916 0.03962184873949583
0 0.23254201680672268 0.5083193277310925 0.07483193277310925 0.0670588235294118
0 0.8409453781512606 0.9135294117647058 0.08247899159663864 0.07092436974789915
0 0.40090336134453786 0.9178361344537815 0.04222689075630257 0.04474789915966377
0 0.017836134453781512 0.5727100840336135 0.035672268907563025 0.07710084033613449
0 0.5081512605042017 0.8839075630252101 0.09714285714285716 0.10789915966386557
0 0.029495798319327728 0.8902310924369747 0.038991596638655465 0.038865546218487396
0 0.1948109243697479 0.4157773109243698 0.056260504201680675 0.04970588235294123
0 0.7319747899159663 0.6716386554621848 0.06025210084033603 0.055462184873949535