0 0.024356435643564357 0.2818811881188119 0.028712871287128718 0.03811881188118813
0 0.7574752475247525 0.4960891089108911 0.061287128712871265 0.06326732673267327
0 0.23326732673267325 0.27633663366336636 0.05099009900990097 0.0475247524752475
0 0.5481188118811882 0.6456930693069307 0.06930693069306931 0.06336633663366342
0 0.9221287128712871 0.10925742574257426 0.0589108910891088 0.0485148514851485
0 0.014158415841584157 0.20235148514851486 0.028316831683168314 0.035198019801980195
0 0.9084158415841584 0.7002475247524752 0.04554455445544549 0.044059405940593946
0 0.5011881188118812 0.9136633663366337 0.035643564356435585 0.04257425742574269
0 0.980990099009901 0.8961386138613862 0.038019801980198054 0.06831683168316838
0 0.45544554455445546 0.025965346534653468 0.035643564356435585 0.033613861386138616
0 0.01784653465346535 0.04452970297029703 0.030247524752475243 0.03123762376237623
0 0.7327722772277229 0.7119306930693069 0.04207920792079208 0.04059405940594054
0 0.7034653465346534 0.02277227722772277 0.035643564356435585 0.03069306930693069
0 0.1043069306930693 0.4614851485148515 0.06435643564356436 0.06039603960396034
0 0.3236138613861386 0.38252475247524753 0.0772277227722772 0.06980198019801978
0 0.6432178217821782 0.43599009900990104 0.0648514851485149 0.06386138613861389
0 0.7842574257425742 0.23400990099009902 0.048019801980197965 0.048019801980198035
0 0.9381188118811881 0.3260891089108911 0.06237623762376249 0.06267326732673266
0 0.359950495049505 0.8807425742574257 0.06524752475247528 0.06029702970297033
0 0.6262871287128713 0.7894059405940594 0.061287128712871265 0.06178217821782187
0 0.7976237623762377 0.7971287128712871 0.07425742574257425 0.07524752475247519
0 0.12128712871287128 0.8547524752475247 0.04653465346534653 0.04653465346534642
0 0.8914356435643565 0.535 0.06683168316831684 0.0658415841584159