0 0.810990990990991 0.7985135135135135 0.05873873873873883 0.05882882882882884
0 0.7449774774774774 0.035405405405405405 0.07373873873873876 0.06837837837837837
0 0.3229279279279279 0.2509009009009009 0.034684684684684636 0.03288288288288287
0 0.7698198198198197 0.3151351351351352 0.040090090090089986 0.03963963963963969
0 0.9829279279279278 0.3541441441441442 0.03414414414414407 0.05018018018018012
0 0.251036036036036 0.16867117117117117 0.038018018018018004 0.03509009009009012
0 0.1253378378378378 0.19229729729729733 0.05229729729729728 0.048468468468468494
0 0.2823873873873874 0.4159684684684685 0.059549549549549545 0.062297297297297355
0 0.02713963963963964 0.20292792792792794 0.04833333333333333 0.045945945945945955
0 0.24182432432432432 0.07779279279279279 0.05950450450450454 0.060360360360360354
0 0.3833108108108108 0.18306306306306305 0.06626126126126129 0.06477477477477475
0 0.1461936936936937 0.029752252252252254 0.05689189189189189 0.05436936936936937
0 0.9307207207207208 0.7211936936936937 0.058918918918918844 0.059684684684684686
0 0.4541216216216217 0.4777027027027027 0.062297297297297355 0.05900900900900898
0 0.6749324324324325 0.5288738738738739 0.08914414414414423 0.09180180180180178
0 0.5239864864864865 0.6113963963963963 0.061666666666666654 0.05945945945945941
0 0.8754954954954955 0.4886486486486486 0.07504504504504515 0.07693693693693686
0 0.25707207207207206 0.01150900900900901 0.04639639639639638 0.02301801801801802