0 0.6756681034482759 0.8533620689655174 0.05987068965517235 0.061637931034482805
0 0.6775862068965518 0.40836206896551724 0.0543103448275863 0.052155172413793076
0 0.27351293103448276 0.06310344827586208 0.05297413793103445 0.05517241379310344
0 0.25131465517241375 0.9391379310344828 0.05426724137931033 0.05646551724137941
0 0.16512931034482758 0.895603448275862 0.06120689655172415 0.061637931034482805
0 0.0530603448275862 0.8206034482758621 0.05258620689655171 0.05387931034482758
0 0.12135775862068966 0.6875646551724138 0.05556034482758621 0.05676724137931041
0 0.5560344827586207 0.397198275862069 0.044827586206896516 0.04267241379310347
0 0.7906465517241379 0.47237068965517237 0.046982758620689555 0.04827586206896547
0 0.11008620689655171 0.09288793103448276 0.05344827586206896 0.05344827586206896
0 0.25060344827586206 0.19827586206896552 0.049999999999999975 0.05474137931034484
0 0.4306896551724138 0.19967672413793106 0.04637931034482755 0.043750000000000025
0 0.6145689655172413 0.51125 0.04827586206896547 0.04870689655172419
0 0.19137931034482758 0.5030172413793104 0.04310344827586207 0.037068965517241356
0 0.9412715517241379 0.3151293103448276 0.046508620689655264 0.043534482758620666
0 0.2846120689655173 0.7158836206896552 0.04715517241379309 0.044094827586206975
0 0.9285775862068966 0.490948275862069 0.04370689655172408 0.04224137931034488
0 0.3084051724137931 0.564073275862069 0.05043103448275857 0.053750000000000055