0 0.907611607142857 0.27897321428571425 0.06066964285714275 0.0563392857142857
0 0.30252232142857144 0.2614955357142857 0.05388392857142854 0.053794642857142846
0 0.4278794642857143 0.3651785714285714 0.05674107142857147 0.05803571428571429
0 0.2905357142857143 0.5564955357142857 0.05223214285714284 0.050848214285714226
0 0.16138392857142855 0.4004464285714286 0.0611607142857143 0.05937500000000005
0 0.37330357142857146 0.09183035714285714 0.05785714285714289 0.05383928571428572
0 0.4151339285714286 0.5036160714285715 0.030803571428571454 0.032589285714285765
0 0.21832589285714285 0.8558035714285713 0.03665178571428575 0.03794642857142857
0 0.8416071428571429 0.4911383928571428 0.04017857142857143 0.042901785714285774
0 0.2147767857142857 0.135 0.03169642857142855 0.032142857142857154
0 0.1640625 0.20857142857142857 0.052678571428571415 0.05446428571428573
0 0.9787499999999999 0.4687053571428571 0.04249999999999992 0.04660714285714285
0 0.8595089285714286 0.03080357142857143 0.0790178571428571 0.06160714285714286