0 0.5164285714285713 0.9342380952380952 0.07714285714285708 0.07761904761904767
0 0.7998571428571428 0.2571428571428571 0.07200000000000002 0.06971428571428571
0 0.707 0.5846428571428571 0.05428571428571418 0.060904761904761864
0 0.62 0.26771428571428574 0.07857142857142857 0.07333333333333336
0 0.9539047619047619 0.692047619047619 0.06047619047619042 0.05428571428571418
0 0.2585 0.6416190476190476 0.08204761904761906 0.08152380952380954
0 0.9178571428571428 0.5782619047619048 0.08238095238095243 0.08157142857142854
0 0.9738095238095238 0.9452380952380952 0.05238095238095238 0.05714285714285714
0 0.5411190476190476 0.6237619047619049 0.05585714285714281 0.0627619047619048
0 0.7314285714285714 0.873095238095238 0.06761904761904756 0.06619047619047608
0 0.1351904761904762 0.8448095238095238 0.08047619047619049 0.08190476190476186