0 0.8475416666666666 0.2043125 0.05499999999999995 0.04795833333333335
0 0.8519166666666667 0.2999583333333333 0.02541666666666676 0.027083333333333334
0 0.9016666666666667 0.39749999999999996 0.050833333333333286 0.05499999999999995
0 0.7692916666666666 0.39495833333333336 0.0537499999999999 0.051250000000000046
0 0.30541666666666667 0.310625 0.05666666666666664 0.058749999999999976
0 0.11716666666666668 0.30866666666666664 0.056250000000000015 0.05583333333333336
0 0.2689583333333333 0.490625 0.05291666666666665 0.051250000000000046
0 0.6451666666666667 0.5217916666666667 0.05 0.04916666666666666
0 0.4958958333333333 0.5477708333333333 0.04654166666666661 0.04362500000000005
0 0.15043749999999997 0.04683333333333333 0.056625000000000016 0.05633333333333333
0 0.3162916666666667 0.0855625 0.057500000000000044 0.05212499999999999
0 0.540875 0.10202083333333332 0.057500000000000044 0.050875000000000004
0 0.4157083333333333 0.6470833333333332 0.05166666666666669 0.04458333333333329
0 0.110625 0.5102083333333334 0.04375 0.042916666666666714
0 0.19302083333333334 0.7756458333333334 0.036458333333333336 0.03620833333333332
0 0.5986041666666667 0.6503125 0.05279166666666673 0.051874999999999956
0 0.011270833333333334 0.13570833333333335 0.022541666666666668 0.03458333333333332
0 0.6723333333333332 0.217625 0.057916666666666575 0.049583333333333354
0 0.9131666666666667 0.7317916666666666 0.04458333333333329 0.041249999999999905