0 0.9265887850467289 0.4399532710280374 0.08271028037383173 0.0834579439252337
0 0.8064719626168224 0.9151168224299066 0.04322429906542056 0.040607476635514006
0 0.564088785046729 0.41142523364485983 0.06584112149532712 0.0640654205607477
0 0.4472663551401869 0.8646962616822429 0.042663551401869136 0.042196261682242865
0 0.0397196261682243 0.2958411214953271 0.07355140186915889 0.0699065420560748
0 0.5982943925233645 0.6645794392523364 0.05481308411214955 0.051682242990654215
0 0.8341588785046729 0.6470327102803737 0.0488785046728971 0.04920560747663539
0 0.30315420560747663 0.4399766355140187 0.05780373831775703 0.058271028037383175
0 0.04481308411214953 0.510373831775701 0.07682242990654208 0.0646728971962617
0 0.38065420560747665 0.754158878504673 0.04700934579439253 0.04485981308411226
0 0.7858177570093459 0.7780373831775701 0.0545327102803739 0.049439252336448525
0 0.8242056074766355 0.2091355140186916 0.09289719626168222 0.08789719626168226
0 0.5330140186915888 0.5489719626168224 0.07939252336448602 0.07644859813084119
0 0.3130607476635514 0.6537616822429907 0.07462616822429906 0.07621495327102805
0 0.17873831775700935 0.432196261682243 0.08392523364485983 0.07897196261682246
0 0.06535046728971962 0.9654439252336449 0.06789719626168225 0.06668224299065412
0 0.21450934579439254 0.5818691588785045 0.0474299065420561 0.04495327102803734
0 0.3311214953271028 0.9507009345794394 0.10046728971962617 0.09074766355140194
0 0.7938084112149533 0.38429906542056075 0.08696261682242996 0.08663551401869155
0 0.9672897196261683 0.6051401869158879 0.06542056074766354 0.0794392523364486
0 0.10116822429906541 0.6420327102803739 0.0875700934579439 0.08574766355140198
0 0.7217757009345793 0.5698130841121495 0.08747663551401882 0.08046728971962623
0 0.4852570093457944 0.741051401869159 0.07537383177570091 0.07219626168224294
0 0.9117757009345795 0.7856308411214953 0.0782242990654206 0.07425233644859806
0 0.1377336448598131 0.8354906542056075 0.07658878504672897 0.07528037383177577
0 0.6547196261682243 0.7835046728971962 0.04439252336448598 0.04158878504672887
0 0.017897196261682242 0.7159579439252337 0.035794392523364485 0.04397196261682255
0 0.24742990654205604 0.20509345794392522 0.04953271028037381 0.04579439252336447
0 0.5639719626168224 0.1535981308411215 0.04831775700934581 0.04654205607476638
0 0.3556542056074766 0.3635981308411215 0.050934579439252364 0.050934579439252364
0 0.21985981308411215 0.8371495327102804 0.0397196261682243 0.03878504672897202
0 0.8196495327102804 0.4647196261682243 0.06023364485981302 0.056074766355140186