0 0.3504241071428571 0.5793303571428572 0.055848214285714244 0.051785714285714324
0 0.8071875000000001 0.3817410714285714 0.06357142857142861 0.06142857142857139
0 0.5238392857142857 0.4432589285714285 0.042946428571428594 0.039553571428571487
0 0.9645758928571428 0.94984375 0.03468749999999992 0.03459821428571429
0 0.5 0.9732142857142857 0.06696428571428571 0.05357142857142857
0 0.4607589285714285 0.6904910714285714 0.057946428571428524 0.05499999999999997
0 0.7466517857142857 0.09870535714285714 0.09910714285714281 0.08883928571428572
0 0.9695535714285713 0.3304910714285714 0.03973214285714276 0.03794642857142857
0 0.8111830357142857 0.2741071428571428 0.04370535714285723 0.03883928571428573
0 0.9336607142857142 0.0908482142857143 0.0374999999999999 0.03794642857142857
0 0.8448660714285714 0.13580357142857144 0.03705357142857148 0.03437500000000001
0 0.16129464285714284 0.014017857142857143 0.033928571428571405 0.028035714285714285
0 0.5830357142857142 0.8348214285714286 0.039285714285714333 0.0374999999999999
0 0.058995535714285716 0.023348214285714288 0.036473214285714296 0.03526785714285714
0 0.47031249999999997 0.3125 0.040624999999999974 0.039285714285714333
0 0.4037053571428571 0.42263392857142856 0.04258928571428568 0.04312499999999998
0 0.3288616071428571 0.6709821428571427 0.03308035714285713 0.029910714285714235
0 0.4107142857142857 0.7376785714285715 0.03866071428571427 0.03642857142857154
0 0.24109375000000002 0.25216517857142856 0.040044642857142855 0.0404017857142857
0 0.16252232142857143 0.6268973214285714 0.07441964285714286 0.07843749999999997
0 0.32526785714285716 0.7937946428571427 0.06732142857142863 0.06374999999999988
0 0.8712276785714286 0.7564955357142857 0.06665178571428575 0.06656250000000011
0 0.2670089285714286 0.22578125 0.08749999999999998 0.0872767857142857
0 0.3634598214285714 0.05564732142857143 0.07049107142857139 0.06888392857142857
0 0.6250446428571428 0.5449553571428571 0.07285714285714283 0.07874999999999995