0 0.020666666666666667 0.24090476190476193 0.04114285714285715 0.09371428571428575
0 0.13004761904761905 0.9188809523809524 0.09276190476190478 0.08871428571428569
0 0.9336666666666666 0.2739285714285714 0.1003809523809523 0.0967142857142857
0 0.9726904761904761 0.024857142857142855 0.0512857142857142 0.04895238095238095
0 0.6314523809523809 0.5341666666666667 0.0880476190476191 0.08576190476190472
0 0.34809523809523807 0.9587857142857145 0.09076190476190477 0.08109523809523797
0 0.6036190476190476 0.09195238095238097 0.07609523809523812 0.07123809523809524
0 0.0768095238095238 0.11633333333333333 0.08028571428571428 0.07904761904761907
0 0.10985714285714286 0.6097619047619048 0.11000000000000003 0.10209523809523809
0 0.8401428571428571 0.028285714285714282 0.0646666666666666 0.055238095238095225
0 0.9263095238095237 0.8685952380952381 0.09595238095238084 0.09023809523809519