0 0.08364077669902913 0.2857766990291262 0.09097087378640778 0.08300970873786405
0 0.22737864077669906 0.5935922330097088 0.04320388349514566 0.04805825242718449
0 0.3720388349514563 0.255631067961165 0.045631067961165075 0.04660194174757279
0 0.7933009708737864 0.4211407766990291 0.050970873786407765 0.057815533980582506
0 0.6841504854368932 0.5119174757281554 0.04111650485436907 0.03257281553398062
0 0.7733980582524271 0.725485436893204 0.0412621359223301 0.04417475728155351
0 0.6042233009708737 0.5941747572815533 0.03980582524271839 0.05145631067961162
0 0.4836407766990291 0.9316990291262136 0.10019417475728148 0.09271844660194185
0 0.4571359223300971 0.7606796116504854 0.047572815533980635 0.05533980582524261
0 0.9583009708737864 0.048155339805825245 0.08339805825242722 0.09631067961165049
0 0.12900485436893205 0.7510194174757282 0.09004854368932037 0.09165048543689318
0 0.4116990291262136 0.6031796116504854 0.10553398058252432 0.09752427184466014
0 0.5099514563106796 0.36145631067961165 0.10339805825242723 0.09951456310679611
0 0.9767961165048543 0.2828640776699029 0.046407766990291276 0.08834951456310682
0 0.7914563106796116 0.20468446601941748 0.09611650485436898 0.09898058252427185
0 0.5492718446601942 0.1570388349514563 0.08980582524271845 0.08689320388349515
0 0.1938349514563107 0.06631067961165049 0.08514563106796118 0.06446601941747573
0 0.7887135922330096 0.898373786407767 0.09752427184466007 0.095388349514563
0 0.94623786407767 0.8440776699029126 0.058495145631068016 0.04951456310679606
0 0.022961165048543692 0.6133980582524272 0.032621359223300964 0.028543689320388397