0 0.40294117647058825 0.31539855072463774 0.0495098039215686 0.06731884057971009
0 0.9377450980392156 0.30710144927536226 0.04264705882352936 0.06231884057971011
0 0.26598039215686275 0.14572463768115942 0.034803921568627424 0.04565217391304346
0 0.5576470588235294 0.6718840579710145 0.03333333333333339 0.049275362318840665
0 0.8024019607843137 0.5208333333333334 0.031470588235294195 0.04528985507246377
0 0.9112745098039216 0.8954347826086957 0.03647058823529411 0.05478260869565219
0 0.7507352941176471 0.6402173913043477 0.03578431372549025 0.0550724637681159
0 0.9220588235294117 0.23043478260869563 0.028431372549019663 0.04565217391304346
0 0.8123529411764706 0.09942028985507247 0.03627450980392146 0.045652173913043485
0 0.47573529411764703 0.2351449275362319 0.042156862745098014 0.059420289855072486
0 0.9877450980392157 0.036231884057971016 0.024509803921568627 0.07246376811594203
0 0.6466911764705883 0.08884057971014495 0.04357843137254895 0.0598550724637681
0 0.038921568627450984 0.048550724637681154 0.04852941176470588 0.06666666666666667
0 0.24183823529411766 0.02438405797101449 0.027009803921568654 0.044420289855072466
0 0.1903921568627451 0.042971014492753624 0.03676470588235294 0.05652173913043479
0 0.7902941176470588 0.8593478260869565 0.041666666666666664 0.06304347826086948