0 0.09222727272727273 0.46081818181818185 0.037727272727272713 0.03590909090909093
0 0.45940909090909093 0.5543181818181818 0.030909090909090962 0.029090909090909115
0 0.20227272727272727 0.990909090909091 0.05 0.01818181818181818
0 0.2825909090909091 0.977909090909091 0.038181818181818206 0.0390909090909092
0 0.5676818181818181 0.3360909090909091 0.037727272727272713 0.039545454545454495
0 0.6295000000000001 0.3990454545454546 0.038636363636363635 0.04000000000000005
0 0.5859545454545454 0.5392727272727272 0.029090909090909053 0.029999999999999975
0 0.5566363636363636 0.7224999999999999 0.03636363636363636 0.03727272727272722
0 0.008272727272727274 0.43913636363636366 0.016545454545454547 0.03454545454545452
0 0.36450000000000005 0.891090909090909 0.030909090909090962 0.02863636363636369
0 0.946090909090909 0.6074999999999999 0.03409090909090909 0.040454545454545354
0 0.5826818181818182 0.49577272727272725 0.030454545454545404 0.02818181818181813
0 0.012454545454545456 0.07511363636363635 0.024909090909090912 0.03186363636363636
0 0.7613863636363636 0.9143863636363637 0.03550000000000001 0.035409090909091
0 0.24245454545454548 0.10275000000000001 0.07999999999999997 0.07504545454545454
0 0.6020454545454544 0.09136363636363637 0.044545454545454596 0.04363636363636364
0 0.17236363636363636 0.2599545454545455 0.03409090909090909 0.03272727272727274
0 0.8055227272727273 0.38584090909090907 0.03350000000000002 0.03286363636363632
0 0.4708636363636364 0.9853636363636363 0.038181818181818206 0.029272727272727263
0 0.14754545454545456 0.5368181818181817 0.036818181818181805 0.03727272727272722
0 0.17095454545454544 0.43363636363636365 0.037272727272727284 0.038181818181818206
0 0.9760454545454547 0.6946363636363637 0.04000000000000005 0.03681818181818192
0 0.26886363636363636 0.8681818181818182 0.04227272727272726 0.04181818181818177
0 0.6351818181818182 0.6754545454545454 0.07545454545454555 0.07363636363636358
0 0.3311363636363636 0.7663863636363636 0.06390909090909092 0.06395454545454542
0 0.654590909090909 0.24245454545454548 0.04090909090909091 0.04181818181818183
0 0.380909090909091 0.5690909090909091 0.03545454545454551 0.039545454545454495
0 0.2286590909090909 0.22668181818181818 0.03540909090909094 0.034818181818181804
0 0.44797727272727267 0.1000909090909091 0.034954545454545446 0.03709090909090908
0 0.6932272727272727 0.11381818181818182 0.03636363636363636 0.03545454545454544
0 0.032818181818181816 0.17272727272727273 0.06563636363636363 0.07954545454545454
0 0.7454090909090909 0.17422727272727273 0.07954545454545454 0.08272727272727275
0 0.9214545454545454 0.054613636363636364 0.077090909090909 0.0825909090909091
0 0.9228181818181819 0.3495454545454545 0.06981818181818188 0.07999999999999997
0 0.7078181818181818 0.37977272727272726 0.07618181818181814 0.08227272727272725
0 0.42690909090909085 0.4752272727272727 0.07436363636363642 0.08136363636363639
0 0.3058636363636364 0.4675 0.08136363636363639 0.08136363636363639
0 0.44722727272727275 0.6761363636363636 0.08409090909090909 0.0895454545454545
0 0.8688181818181817 0.5981818181818181 0.06818181818181818 0.0754545454545455
0 0.1335909090909091 0.9425 0.07636363636363636 0.07909090909090899
0 0.019363636363636364 0.5904545454545455 0.03872727272727273 0.07090909090909095
0 0.4956818181818182 0.2604090909090909 0.06981818181818188 0.06981818181818182
0 0.8684090909090908 0.45127272727272727 0.03727272727272722 0.03727272727272722
0 0.27045454545454545 0.6168181818181818 0.04090909090909091 0.038636363636363635
0 0.7129545454545454 0.5028636363636363 0.03727272727272722 0.03681818181818179
0 0.19040909090909092 0.7148181818181818 0.036454545454545434 0.0358181818181818
0 0.5371363636363636 0.8440000000000001 0.031181818181818245 0.029272727272727263
0 0.9204090909090908 0.8693636363636363 0.03590909090909081 0.032727272727272674
0 0.902 0.9618636363636365 0.026363636363636415 0.025
0 0.9206363636363636 0.2225 0.05409090909090899 0.04318181818181818
0 0.12106818181818182 0.15704545454545454 0.03959090909090909 0.03545454545454544
0 0.4813181818181818 0.36072727272727273 0.03499999999999995 0.03454545454545452