0 0.32866504854368933 0.9510194174757282 0.042281553398058294 0.04165048543689313
0 0.8555339805825243 0.5830097087378641 0.03640776699029126 0.03932038834951453
0 0.9174271844660195 0.6257281553398059 0.04660194174757293 0.05194174757281548
0 0.9531553398058252 0.9772330097087378 0.08155339805825249 0.04553398058252425
0 0.6614077669902912 0.4953883495145631 0.08786407766990295 0.08495145631067962
0 0.31383495145631063 0.13213592233009708 0.09805825242718444 0.08689320388349515
0 0.7347572815533981 0.6398300970873787 0.047572815533980635 0.046165048543689274
0 0.8950485436893204 0.3325242718446602 0.08689320388349503 0.07766990291262135
0 0.16140776699029127 0.5264563106796116 0.05873786407766989 0.05873786407766988
0 0.6770145631067961 0.8061407766990291 0.048883495145631034 0.04694174757281561
0 0.15694174757281554 0.6991747572815534 0.04174757281553397 0.043689320388349516
0 0.14660194174757282 0.2640776699029126 0.06893203883495147 0.06407766990291264
0 0.9831067961165049 0.5866747572815534 0.02504854368932051 0.02762135922330096
0 0.9436893203883495 0.4742718446601942 0.027184466019417586 0.026213592233009737
0 0.05854368932038835 0.4235922330097088 0.04514563106796117 0.04514563106796122
0 0.3399029126213592 0.8483009708737864 0.03252427184466014 0.03155339805825243
0 0.10041262135922331 0.8973300970873787 0.030242718446601962 0.030582524271844717