0 0.35401960784313724 0.09102941176470589 0.07137254901960785 0.06990196078431371
0 0.6161764705882352 0.7477941176470588 0.0686274509803921 0.06911764705882364
0 0.6737745098039215 0.3000490196078432 0.0598039215686274 0.05882352941176474
0 0.7219607843137255 0.13333333333333333 0.041666666666666664 0.038725490196078426
0 0.37838235294117645 0.518235294117647 0.037254901960784285 0.0392156862745098
0 0.5063235294117647 0.4015686274509804 0.04607843137254905 0.0392156862745098
0 0.13948529411764704 0.8340686274509803 0.03573529411764707 0.03382352941176459
0 0.31352941176470595 0.6777450980392157 0.0416666666666667 0.041666666666666664
0 0.20963235294117646 0.5651960784313725 0.06799019607843139 0.06470588235294113
0 0.9252450980392157 0.11098039215686274 0.06323529411764695 0.05686274509803922
0 0.1705392156862745 0.3731372549019608 0.03627450980392158 0.03137254901960787