0 0.7166666666666666 0.6353456221198157 0.05213675213675209 0.054654377880184395
0 0.09585470085470085 0.5315668202764977 0.06111111111111111 0.06635944700460832
0 0.2806837606837607 0.42548387096774193 0.05683760683760686 0.061751152073732746
0 0.41113247863247865 0.5498617511520737 0.06628205128205124 0.06958525345622117
0 0.6205555555555556 0.553594470046083 0.05632478632478635 0.05870967741935488
0 0.3458547008547008 0.7693548387096774 0.053589743589743555 0.050230414746543675
0 0.5635470085470086 0.7059907834101383 0.04786324786324782 0.046543778801843426
0 0.18444444444444447 0.7743317972350231 0.05299145299145302 0.052995391705069124
0 0.16282051282051282 0.9527188940092166 0.052991452991453 0.056774193548387065
0 0.3106837606837607 0.98036866359447 0.06196581196581197 0.03926267281105982
0 0.45256410256410257 0.9522119815668204 0.055128205128205154 0.05576036866359457
0 0.9277777777777779 0.6126728110599078 0.04957264957264967 0.05207373271889406
0 0.6410256410256411 0.8769124423963133 0.05811965811965822 0.061751152073732614
0 0.8421794871794871 0.7921658986175114 0.045726495726495675 0.050230414746543675
0 0.5102991452991453 0.44207373271889405 0.04829059829059834 0.052995391705069124