0 0.6411344537815126 0.583655462184874 0.04840336134453774 0.046470588235294125
0 0.04470588235294118 0.6640966386554621 0.04731092436974789 0.04659663865546208
0 0.05445378151260505 0.7769117647058824 0.05126050420168068 0.048949579831932676
0 0.3395378151260504 0.41829831932773104 0.043697478991596664 0.041806722689075586
0 0.6580462184873949 0.3653361344537815 0.05651260504201676 0.054537815126050375
0 0.4029831932773109 0.6484453781512606 0.05663865546218483 0.05672268907563025
0 0.7636764705882353 0.8323319327731092 0.05197478991596641 0.048361344537815085
0 0.436890756302521 0.4547899159663865 0.057394957983193266 0.053361344537815075
0 0.07934873949579832 0.9503781512605042 0.04836134453781512 0.05042016806722689
0 0.13575630252100843 0.5289915966386555 0.03890756302521009 0.03773109243697475
0 0.5427731092436975 0.5114915966386555 0.046470588235294125 0.04533613445378148
0 0.2082983193277311 0.798046218487395 0.04903361344537816 0.04701680672268906
0 0.8576260504201682 0.7323319327731093 0.035924369747899206 0.03457983193277318
0 0.8489285714285714 0.10142857142857144 0.047521008403361355 0.04680672268907563
0 0.6465756302521009 0.24649159663865547 0.04684873949579822 0.0430672268907563
0 0.22552521008403364 0.5954411764705883 0.05558823529411766 0.05390756302521002
0 0.36741596638655466 0.8234873949579831 0.048277310924369786 0.04789915966386545
0 0.8911974789915966 0.31810924369747895 0.05407563025210086 0.05201680672268905