0 0.4952619047619048 0.4167804878048781 0.028523809523809566 0.03180487804878054
0 0.5142380952380952 0.8212195121951219 0.02952380952380947 0.030731707317073226
0 0.8186428571428571 0.4875121951219512 0.02804761904761898 0.02975609756097558
0 0.905904761904762 0.29404878048780486 0.030952380952380953 0.030731707317073156
0 0.9495714285714285 0.06858536585365853 0.02857142857142857 0.029756097560975615
0 0.30552380952380953 0.2398048780487805 0.02333333333333336 0.028780487804878078
0 0.33314285714285713 0.23468292682926828 0.02904761904761902 0.02926829268292683
0 0.5590952380952381 0.20429268292682928 0.02666666666666664 0.024390243902439025
0 0.20580952380952383 0.7185853658536585 0.02571428571428574 0.027804878048780433
0 0.3970238095238095 0.3122439024390244 0.029952380952380914 0.02975609756097558
0 0.6484761904761905 0.3968780487804878 0.03190476190476185 0.03121951219512198
0 0.8348809523809523 0.8754146341463414 0.029571428571428474 0.03121951219512184
0 0.5644285714285714 0.9571219512195123 0.02857142857142857 0.026829268292682926
0 0.04590476190476191 0.30185365853658536 0.03142857142857143 0.03073170731707319
0 0.18504761904761904 0.03312195121951219 0.026095238095238116 0.025463414634146336
0 0.15676190476190477 0.22868292682926827 0.025714285714285724 0.028292682926829255
0 0.2505714285714286 0.26892682926829264 0.02571428571428574 0.02585365853658535
0 0.8459047619047619 0.2650731707317073 0.026666666666666776 0.02731707317073168
0 0.7899523809523811 0.12482926829268293 0.025238095238095292 0.029756097560975615
0 0.443047619047619 0.12117073170731707 0.0314285714285714 0.031219512195121944
0 0.3242380952380952 0.35092682926829266 0.02714285714285709 0.026341463414634173
0 0.21461904761904763 0.34814634146341467 0.026952380952380936 0.028585365853658604
0 0.17828571428571427 0.2699512195121951 0.032380952380952364 0.02731707317073168
0 0.2497142857142857 0.24117073170731707 0.022857142857142843 0.022439024390243874
0 0.2628095238095238 0.20629268292682926 0.024285714285714258 0.027804878048780502
0 0.2635238095238095 0.16946341463414635 0.02666666666666664 0.03121951219512196
0 0.014238095238095239 0.8781463414634146 0.028476190476190478 0.03414634146341464
0 0.7272857142857142 0.9205853658536586 0.03190476190476185 0.02926829268292683
0 0.6576666666666667 0.363219512195122 0.030000000000000054 0.028292682926829325
0 0.10057142857142858 0.8745853658536586 0.027142857142857156 0.02731707317073182