0 0.5658571428571428 0.9782857142857143 0.04047619047619048 0.0380952380952381
0 0.6056190476190476 0.6583333333333333 0.02780952380952376 0.02714285714285709
0 0.8162857142857144 0.558 0.029047619047619155 0.030000000000000054
0 0.5294285714285715 0.6108095238095237 0.032380952380952434 0.028095238095238055
0 0.5670000000000001 0.4141904761904762 0.030476190476190504 0.030952380952380953
0 0.3934761904761905 0.46299999999999997 0.030952380952380953 0.02714285714285709
0 0.21923809523809526 0.2443809523809524 0.06380952380952383 0.06095238095238094
0 0.3863333333333333 0.8859761904761905 0.10257142857142854 0.0880476190476191
0 0.7778571428571428 0.6504761904761904 0.03666666666666661 0.03523809523809513
0 0.8917142857142858 0.04633333333333334 0.03380952380952392 0.032857142857142856
0 0.6471428571428571 0.4238095238095238 0.0761904761904762 0.06571428571428577
0 0.03404761904761905 0.2536666666666667 0.03285714285714286 0.02952380952380954
0 0.11547619047619048 0.2014285714285714 0.027142857142857156 0.02857142857142857
0 0.5288571428571429 0.637904761904762 0.03571428571428571 0.03333333333333333
0 0.432 0.16128571428571428 0.03380952380952378 0.031904761904761915
0 0.018285714285714284 0.8013571428571429 0.030000000000000002 0.029380952380952455
0 0.5216190476190475 0.7666666666666667 0.03380952380952378 0.031428571428571535
0 0.7229523809523809 0.7417142857142857 0.022380952380952328 0.02142857142857143
0 0.44380952380952376 0.9561904761904761 0.024761904761904707 0.024761904761904707
0 0.753 0.8799047619047619 0.05685714285714285 0.06209523809523819
0 0.852 0.3357142857142857 0.02952380952380947 0.02809523809523812
0 0.9441428571428572 0.0260952380952381 0.032380952380952434 0.032380952380952385
0 0.497952380952381 0.9055238095238095 0.03761904761904765 0.03904761904761899
0 0.8275238095238096 0.24207142857142858 0.06399999999999999 0.0653809523809524