0 0.6689903846153845 0.8149038461538461 0.052403846153846044 0.04615384615384626
0 0.3449519230769231 0.5223557692307692 0.04374999999999997 0.04567307692307692
0 0.2921394230769231 0.41747596153846156 0.10264423076923074 0.09504807692307697
0 0.6861538461538461 0.28026442307692306 0.08403846153846163 0.08014423076923075
0 0.18478365384615386 0.9627403846153846 0.08245192307692309 0.07307692307692303
0 0.628221153846154 0.8915144230769231 0.053076923076923105 0.04812499999999996
0 0.7276442307692309 0.4974759615384615 0.07980769230769241 0.07620192307692306
0 0.6232211538461538 0.6664423076923077 0.07855769230769226 0.07903846153846153
0 0.45177884615384617 0.7405288461538462 0.07894230769230777 0.07884615384615373
0 0.4143990384615384 0.05216346153846155 0.09081730769230763 0.0878846153846154
0 0.5421634615384615 0.4185817307692308 0.07375000000000001 0.07745192307692314
0 0.14978365384615386 0.6834134615384614 0.08937500000000001 0.08067307692307679
0 0.8508413461538461 0.7181009615384616 0.08322115384615386 0.07802884615384624
0 0.07975961538461539 0.2713701923076923 0.0473076923076923 0.04764423076923075
0 0.0946394230769231 0.08307692307692308 0.10677884615384615 0.0991346153846154
0 0.9355528846153847 0.8743509615384616 0.07860576923076934 0.07139423076923088
0 0.8454326923076922 0.1423798076923077 0.10480769230769237 0.11591346153846155
0 0.6241826923076924 0.4604326923076923 0.04298076923076922 0.041826923076923025
0 0.5694711538461539 0.7783173076923077 0.06115384615384615 0.052115384615384494