0 0.7302970297029704 0.9471039603960396 0.09306930693069312 0.08905940594059411
0 0.978118811881188 0.08613861386138613 0.04376237623762364 0.04554455445544555
0 0.9637376237623761 0.9576485148514852 0.07252475247524741 0.0818316831683167
0 0.7203960396039605 0.26133663366336635 0.060990099009900954 0.053168316831683146
0 0.9632425742574257 0.800470297029703 0.04836633663366328 0.04579207920792079
0 0.08571782178217822 0.10757425742574257 0.06866336633663365 0.06019801980198021
0 0.828019801980198 0.8234158415841584 0.055742574257425695 0.050891089108910756
0 0.019900990099009908 0.6776980198019803 0.03950495049504951 0.06430693069306935
0 0.8719801980198021 0.23571782178217823 0.056831683168316924 0.055
0 0.7274752475247525 0.6475990099009901 0.06356435643564344 0.06301980198019803
0 0.4648019801980198 0.6927227722772278 0.10346534653465349 0.09316831683168314
0 0.6583168316831682 0.12267326732673269 0.055643564356435686 0.04465346534653463
0 0.11420792079207921 0.8745544554455446 0.06910891089108911 0.06425742574257434
0 0.2504207920792079 0.9568069306930693 0.04222772277227723 0.04430693069306925
0 0.6231683168316832 0.804059405940594 0.0878217821782178 0.07099009900990087
0 0.22235148514851488 0.03792079207920792 0.05341584158415837 0.048514851485148516
0 0.9533663366336634 0.4299257425742574 0.06455445544554465 0.06292079207920796
0 0.0806930693069307 0.3861138613861386 0.10752475247524752 0.11628712871287133
0 0.814628712871287 0.4299257425742574 0.06945544554455432 0.06628712871287122
0 0.9255693069306931 0.6604455445544555 0.09965346534653463 0.09425742574257429
0 0.4072772277227723 0.2773762376237624 0.08811881188118817 0.08336633663366338
0 0.5391336633663366 0.5580940594059406 0.06183168316831688 0.06034653465346534
0 0.29173267326732677 0.5762376237623763 0.09247524752475252 0.09029702970297034
0 0.2285148514851485 0.7710643564356436 0.09950495049504948 0.09361386138613874
0 0.5971287128712871 0.3534653465346535 0.0921782178217822 0.09277227722772279
0 0.41445544554455443 0.45301980198019803 0.05544554455445539 0.05346534653465352