0 0.24468468468468468 0.9244594594594595 0.04234234234234237 0.03873873873873884
0 0.8908108108108108 0.3654954954954955 0.05720720720720716 0.05405405405405406
0 0.6634234234234234 0.3061036036036036 0.059009009009009114 0.05229729729729726
0 0.2577477477477477 0.9826801801801802 0.07657657657657657 0.03463963963963963
0 0.8833333333333333 0.2171171171171171 0.05945945945945941 0.06126126126126123
0 0.44463963963963965 0.139009009009009 0.06567567567567573 0.06342342342342341
0 0.1751801801801802 0.2376801801801802 0.06765765765765765 0.066981981981982
0 0.37090090090090094 0.46876126126126133 0.06810810810810813 0.06427927927927933
0 0.2094144144144144 0.49398648648648646 0.06405405405405405 0.05887387387387384
0 0.9910135135135135 0.07639639639639641 0.017972972972973015 0.03423423423423424
0 0.931981981981982 0.024549549549549545 0.027927927927927875 0.029279279279279275
0 0.7038288288288288 0.1774774774774775 0.040090090090089986 0.03783783783783786
0 0.3521621621621622 0.9344144144144144 0.035135135135135186 0.033783783783783786
0 0.7345945945945945 0.8995045045045045 0.036936936936936886 0.036036036036036036
0 0.6619369369369369 0.8963963963963963 0.039189189189189136 0.037837837837837736
0 0.7435135135135135 0.9850675675675675 0.026576576576576475 0.02626126126126119
0 0.8063513513513513 0.8935585585585586 0.02702702702702703 0.02702702702702703
0 0.7722972972972973 0.4686936936936937 0.059009009009009114 0.05360360360360363
0 0.7734234234234234 0.7797297297297299 0.08198198198198194 0.07477477477477487
0 0.5154504504504505 0.9472072072072072 0.04324324324324322 0.04369369369369364
0 0.42914414414414415 0.9778378378378378 0.026576576576576603 0.02747747747747758
0 0.3458558558558559 0.042477477477477474 0.02702702702702703 0.02927927927927928
0 0.22761261261261262 0.7017792792792793 0.04189189189189188 0.036531531531531596
0 0.36896396396396397 0.5946846846846847 0.03333333333333336 0.033783783783783786
0 0.958963963963964 0.6452027027027026 0.02801801801801814 0.02941441441441429
0 0.9695045045045044 0.6874774774774774 0.024774774774774775 0.024774774774774775
0 0.4392792792792793 0.8960810810810811 0.028828828828828854 0.027927927927927875
0 0.054549549549549554 0.6264864864864865 0.03288288288288289 0.030630630630630682