0 0.6479166666666667 0.9803240740740741 0.05925925925925931 0.03935185185185185
0 0.7130787037037036 0.850949074074074 0.06550925925925916 0.06384259259259269
0 0.36074074074074075 0.9806018518518519 0.05370370370370368 0.03879629629629627
0 0.16347222222222224 0.9315277777777777 0.06564814814814816 0.06379629629629617
0 0.2399074074074074 0.7466203703703703 0.06574074074074075 0.06342592592592587
0 0.5975925925925926 0.5761111111111111 0.05555555555555555 0.0582407407407408
0 0.42726851851851855 0.5283796296296296 0.058425925925925944 0.05712962962962965
0 0.036458333333333336 0.5164814814814815 0.0574537037037037 0.05370370370370368
0 0.42854166666666665 0.36266203703703703 0.051898148148148186 0.052268518518518485
0 0.25171296296296297 0.2501851851851852 0.056481481481481494 0.05416666666666668
0 0.6828703703703703 0.6995833333333332 0.07129629629629619 0.07129629629629619
0 0.03365740740740741 0.32472222222222225 0.05740740740740741 0.05462962962962968
0 0.23756944444444444 0.023379629629629632 0.04245370370370371 0.04305555555555556
0 0.8371064814814815 0.9078703703703703 0.05921296296296306 0.06111111111111106
0 0.12708333333333333 0.42944444444444446 0.05509259259259259 0.05787037037037037
0 0.5576851851851852 0.44962962962962966 0.04305555555555561 0.05000000000000005
0 0.5706481481481481 0.8511574074074074 0.05092592592592586 0.05231481481481487