0 0.49513761467889905 0.24538990825688076 0.08155963302752293 0.0836238532110092
0 0.9536238532110093 0.06981651376146789 0.07559633027522944 0.07678899082568805
0 0.07394495412844035 0.5868348623853211 0.045871559633027525 0.04577981651376142
0 0.02639908256880734 0.7466972477064219 0.05261467889908257 0.08128440366972489
0 0.22144495412844037 0.5362614678899082 0.04738532110091742 0.045733944954128435
0 0.7155275229357797 0.8521100917431194 0.04481651376146781 0.04293577981651382
0 0.8663990825688074 0.734105504587156 0.03885321100917444 0.037660550458715504
0 0.9829587155963303 0.40931192660550453 0.03408256880733948 0.05064220183486235
0 0.8991743119266056 0.6240825688073394 0.02568807339449552 0.028440366972477014
0 0.6578440366972477 0.9575229357798164 0.027522935779816515 0.027064220183486136
0 0.7039220183486238 0.9616513761467891 0.052798165137614636 0.05091743119266066
0 0.04610091743119266 0.9600458715596332 0.02981651376146789 0.03027522935779827
0 0.26844036697247703 0.11165137614678901 0.042660550458715585 0.04036697247706421
0 0.816605504587156 0.12311926605504588 0.0371559633027524 0.03669724770642202
0 0.24958715596330275 0.1865596330275229 0.031192660550458703 0.03027522935779814
0 0.6315366972477064 0.23905963302752295 0.06637614678899095 0.06600917431192661
0 0.7155504587155964 0.3088990825688074 0.03348623853211014 0.032568807339449515
0 0.75 0.34472477064220186 0.03486238532110102 0.03348623853211014
0 0.1651834862385321 0.23288990825688072 0.03486238532110089 0.03486238532110089
0 0.1229816513761468 0.17293577981651373 0.036330275229357806 0.036422018348623846
0 0.01378440366972477 0.3200688073394496 0.02747706422018349 0.06775229357798167
0 0.7256880733944955 0.6059862385321102 0.048348623853211106 0.04417431192660548
0 0.41383027522935784 0.48550458715596334 0.03995412844036701 0.03972477064220182
0 0.9438073394495413 0.6247935779816515 0.07348623853211 0.07325688073394508
0 0.5997018348623854 0.7715366972477063 0.0987614678899082 0.09151376146788985
0 0.778302752293578 0.7080275229357798 0.07899082568807352 0.08119266055045866
0 0.5112614678899082 0.5735321100917431 0.08821100917431188 0.09788990825688068
0 0.32892201834862383 0.544288990825688 0.0817889908256881 0.08784403669724766
0 0.11786697247706422 0.3730504587155963 0.0758256880733945 0.07316513761467884
0 0.16837155963302752 0.7215366972477064 0.07811926605504588 0.07123853211009162
0 0.734197247706422 0.01944954128440367 0.07784403669724783 0.03889908256880734
0 0.7602752293577982 0.4658256880733945 0.07128440366972487 0.0695412844036697
0 0.798256880733945 0.245848623853211 0.08055045871559634 0.08050458715596329
0 0.8625229357798165 0.4792201834862385 0.046330275229357905 0.042018348623853195
0 0.01701834862385321 0.9577522935779816 0.028532110091743123 0.02981651376146789