0 0.7707920792079207 0.0594059405940594 0.061386138613861274 0.0594059405940594
0 0.9717079207920792 0.10396039603960396 0.05658415841584162 0.07128712871287128
0 0.29361386138613865 0.14306930693069306 0.0721782178217822 0.06831683168316831
0 0.9135148514851485 0.6355445544554456 0.07772277227722767 0.07722772277227727
0 0.654950495049505 0.20638613861386138 0.07425742574257425 0.07475247524752472
0 0.8043069306930694 0.39321782178217823 0.07227722772277238 0.07495049504950488
0 0.6117821782178217 0.6567326732673268 0.07920792079207914 0.07821782178217827
0 0.4969554455445544 0.5348019801980198 0.0882673267326732 0.0907920792079208
0 0.4290841584158416 0.885940594059406 0.08311881188118808 0.08019801980198014
0 0.7236633663366338 0.8785148514851484 0.07029702970297023 0.06633663366336623
0 0.33217821782178214 0.6775247524752476 0.037623762376237595 0.041089108910891146
0 0.19871287128712872 0.6267821782178219 0.07029702970297032 0.07178217821782185