0 0.5345260663507109 0.34441441441441445 0.06981042654028431 0.06594594594594588
0 0.6808056872037915 0.6362837837837839 0.03933649289099531 0.03734234234234243
0 0.20137440758293837 0.39227477477477474 0.071563981042654 0.06833333333333327
0 0.9274407582938389 0.2766216216216216 0.03696682464454982 0.03423423423423421
0 0.9765402843601896 0.029369369369369368 0.030805687203791468 0.02927927927927928
0 0.6781516587677725 0.07342342342342342 0.052132701421800945 0.04864864864864866
0 0.8950947867298579 0.47022522522522525 0.058909952606635105 0.05324324324324321
0 0.7670379146919432 0.34421171171171167 0.07246445497630341 0.0656306306306306
0 0.027890995260663506 0.6345495495495496 0.05123222748815165 0.04918918918918926
0 0.10563981042654028 0.3029954954954955 0.06322274881516589 0.0593243243243243
0 0.5632227488151659 0.10292792792792793 0.035545023696682464 0.033783783783783786
0 0.7058767772511848 0.2095945945945946 0.04303317535545016 0.03432432432432434
0 0.976303317535545 0.2882882882882883 0.04739336492890995 0.04054054054054054
0 0.013981042654028436 0.44867117117117117 0.027962085308056873 0.04689189189189188
0 0.46876777251184837 0.25610360360360357 0.0559241706161138 0.05166666666666666
0 0.19118483412322276 0.6113063063063063 0.041232227488151675 0.03873873873873884
0 0.9143364928909952 0.056666666666666664 0.05047393364928899 0.04477477477477478
0 0.3612796208530805 0.37819819819819817 0.0764928909952606 0.07333333333333333
0 0.20682464454976304 0.18786036036036036 0.061042654028436 0.056171171171171166
0 0.796137440758294 0.5502027027027027 0.06355450236966836 0.057432432432432366
0 0.536303317535545 0.5420495495495495 0.06151658767772507 0.05319819819819821
0 0.2843601895734597 0.6836936936936937 0.0662559241706161 0.05684684684684687
0 0.41836492890995264 0.6555405405405406 0.059383886255924175 0.05162162162162153
0 0.513696682464455 0.026036036036036037 0.06824644549763036 0.052072072072072075