0 0.6153883495145631 0.5023300970873786 0.03786407766990297 0.03349514563106799
0 0.40699029126213593 0.45150485436893206 0.0427184466019418 0.040291262135922386
0 0.8206310679611651 0.10922330097087378 0.05145631067961176 0.052427184466019405
0 0.8541262135922331 0.6481067961165048 0.06844660194174769 0.06796116504854369
0 0.5160194174757282 0.543252427184466 0.06213592233009714 0.06310679611650485
0 0.38378640776699025 0.6566019417475729 0.07135922330097082 0.06941747572815539
0 0.6963106796116505 0.37881067961165055 0.0825242718446602 0.08111650485436897
0 0.06432038834951456 0.6886165048543689 0.06844660194174758 0.07228155339805818
0 0.24007281553398058 0.5124271844660194 0.07228155339805825 0.0703883495145631
0 0.968373786407767 0.18737864077669902 0.06325242718446589 0.0669902912621359
0 0.3817718446601942 0.28521844660194173 0.08111650485436897 0.07422330097087375
0 0.1912621359223301 0.1561893203883495 0.09436893203883494 0.0929611650485437
0 0.040776699029126215 0.30402912621359224 0.07475728155339807 0.07689320388349513
0 0.5145631067961165 0.13169902912621362 0.10067961165048549 0.08456310679611652
0 0.33228155339805826 0.8919902912621359 0.030582524271844717 0.029611650485437003
0 0.7929611650485436 0.8818203883495146 0.0703883495145631 0.0751941747572816
0 0.6059951456310679 0.9584951456310681 0.03266990291262131 0.029611650485437003
0 0.2714077669902913 0.6940291262135923 0.06165048543689322 0.056310679611650594
0 0.9590776699029128 0.5876213592233009 0.04174757281553409 0.04077669902912624
0 0.9787135922330096 0.3098543689320388 0.04257281553398049 0.08495145631067962
0 0.5152912621359222 0.27024271844660197 0.0535922330097087 0.052427184466019405
0 0.338495145631068 0.15140776699029126 0.04718446601941747 0.048932038834951445
0 0.6469417475728155 0.06694174757281553 0.04660194174757293 0.0470873786407767
0 0.6580582524271845 0.6614563106796116 0.04660194174757293 0.050970873786407765
0 0.7927669902912622 0.4684951456310679 0.042233009708737806 0.04174757281553395
0 0.8053883495145632 0.29436893203883496 0.04417475728155351 0.03932038834951453
0 0.5871844660194175 0.37786407766990293 0.04805825242718449 0.04854368932038835
0 0.08817961165048543 0.21985436893203883 0.035 0.03689320388349512
0 0.24733009708737863 0.37060679611650493 0.0344660194174757 0.03451456310679618