0 0.6073873873873874 0.2697747747747748 0.059009009009009114 0.05765765765765768
0 0.22522522522522523 0.10691441441441442 0.07072072072072073 0.06887387387387386
0 0.2204054054054054 0.6181081081081081 0.05045045045045046 0.04189189189189194
0 0.5596846846846847 0.7721621621621622 0.059009009009009045 0.05405405405405406
0 0.8024774774774773 0.11450450450450451 0.07612612612612603 0.07027027027027026
0 0.36531531531531536 0.26076576576576577 0.08063063063063065 0.07477477477477475
0 0.20202702702702705 0.4177252252252252 0.06846846846846848 0.06626126126126129
0 0.8764189189189189 0.8163963963963964 0.07689189189189186 0.07342342342342348
0 0.46522522522522525 0.07837837837837837 0.04639639639639645 0.04054054054054054
0 0.4677477477477477 0.5701351351351351 0.04594594594594589 0.041081081081081036
0 0.04211711711711712 0.3736036036036036 0.06396396396396396 0.06621621621621616
0 0.6602702702702703 0.9797072072072073 0.06801801801801811 0.040585585585585546
0 0.13234234234234235 0.8181756756756756 0.059639639639639634 0.06094594594594582
0 0.651981981981982 0.5766216216216216 0.06306306306306306 0.05810810810810807