0 0.2344626168224299 0.454890350877193 0.03836448598130845 0.033815789473684243
0 0.8716355140186915 0.5463157894736842 0.04859813084112139 0.03684210526315786
0 0.5324766355140187 0.5082456140350877 0.04813084112149538 0.04035087719298241
0 0.6483644859813084 0.4113157894736842 0.0322429906542055 0.033333333333333305
0 0.7780373831775701 0.08552631578947369 0.04158878504672887 0.03991228070175439
0 0.7446261682242991 0.26228070175438595 0.03831775700934574 0.03289473684210526
0 0.3890654205607476 0.3799122807017544 0.031308411214953216 0.02850877192982456
0 0.1872429906542056 0.8448245614035088 0.03317757009345792 0.04254385964912276
0 0.49074766355140187 0.0819298245614035 0.04439252336448598 0.043421052631578944
0 0.8450000000000001 0.9813815789473684 0.044579439252336546 0.0372368421052632
0 0.14462616822429905 0.6690350877192982 0.07429906542056074 0.06631578947368423
0 0.6703271028037383 0.5632675438596491 0.06728971962616812 0.062061403508771894
0 0.9588785046728973 0.22149122807017543 0.04953271028037394 0.04824561403508772
0 0.904322429906542 0.03153508771929825 0.06434579439252328 0.05728070175438597
0 0.7141355140186916 0.013881578947368422 0.07285046728971951 0.027763157894736844
0 0.026845794392523364 0.8788377192982456 0.05369158878504673 0.07741228070175428
0 0.11072429906542056 0.4635964912280702 0.08042056074766354 0.07192982456140354
0 0.04378504672897195 0.21734649122807018 0.0647663551401869 0.0644298245614035
0 0.2674766355140187 0.14807017543859652 0.08504672897196262 0.0793859649122807
0 0.451588785046729 0.2566228070175438 0.07850467289719631 0.0745614035087719
0 0.6150467289719627 0.3059429824561403 0.04934579439252337 0.049517543859649085
0 0.8537383177570093 0.3877192982456141 0.06962616822429896 0.06973684210526318
0 0.8343457943925233 0.7203947368421053 0.07663551401869148 0.07017543859649122
0 0.6039719626168224 0.7701754385964913 0.07289719626168228 0.06622807017543869
0 0.43598130841121496 0.7885964912280701 0.08271028037383173 0.07324561403508767
0 0.2670560747663551 0.9232456140350878 0.07570093457943927 0.06710526315789479
0 0.6220794392523364 0.9222587719298246 0.08574766355140191 0.07916666666666672
0 0.3781308411214953 0.48530701754385963 0.07242990654205607 0.06842105263157892
0 0.49112149532710275 0.6389912280701754 0.03271028037383177 0.030263157894736742
0 0.1183644859813084 0.12723684210526318 0.029439252336448583 0.026754385964912288