0 0.7332835820895521 0.36836633663366336 0.07213930348258707 0.0653465346534653
0 0.8968656716417911 0.3252722772277228 0.0729353233830847 0.0672772277227723
0 0.4629353233830846 0.4853960396039604 0.05572139303482582 0.054455445544554455
0 0.5258706467661691 0.3363861386138614 0.06417910447761196 0.06039603960396037
0 0.26430348258706465 0.265470297029703 0.05646766169154226 0.05222772277227721
0 0.1259950248756219 0.30891089108910896 0.05945273631840797 0.05693069306930697
0 0.4892537313432836 0.25084158415841584 0.02786069651741291 0.02673267326732676
0 0.7620398009950248 0.49680693069306925 0.07194029850746259 0.06579207920792075
0 0.24875621890547264 0.0655940594059406 0.04577114427860698 0.041089108910891084
0 0.6243283582089553 0.32695544554455447 0.05472636815920405 0.05499999999999996
0 0.12305970149253731 0.5056435643564356 0.046318407960199016 0.041584158415841614
0 0.8083084577114428 0.16616336633663364 0.06716417910447761 0.06470297029702969