0 0.5915401785714286 0.7328348214285715 0.07450892857142856 0.06763392857142847
0 0.8287053571428571 0.5041294642857144 0.07250000000000004 0.0674553571428572
0 0.7407812500000001 0.2124330357142857 0.08825892857142849 0.1028125
0 0.06479910714285715 0.9748660714285714 0.07111607142857143 0.0502678571428571
0 0.4063392857142857 0.601919642857143 0.07464285714285714 0.07116071428571427
0 0.8638616071428571 0.08082589285714285 0.08825892857142849 0.0902232142857143
0 0.056406250000000005 0.35595982142857147 0.06611607142857144 0.06424107142857137
0 0.3392410714285714 0.9712276785714286 0.07062499999999997 0.057544642857142794
0 0.4444419642857143 0.4062053571428571 0.07665178571428578 0.07857142857142854
0 0.16906250000000003 0.8784374999999999 0.07428571428571429 0.0726785714285713
0 0.9498214285714285 0.07808035714285715 0.05803571428571429 0.05714285714285714
0 0.6495535714285714 0.6256250000000001 0.0562500000000001 0.051785714285714386
0 0.6596874999999999 0.12218749999999999 0.029910714285714235 0.030357142857142843
0 0.48383928571428575 0.5910714285714286 0.03035714285714291 0.03035714285714291
0 0.5448660714285715 0.4327455357142857 0.055803571428571494 0.05674107142857147
0 0.05227678571428572 0.66984375 0.06553571428571428 0.062276785714285667
0 0.5600669642857142 0.5551785714285714 0.06799107142857139 0.06937499999999996
0 0.6505357142857143 0.44906250000000003 0.07232142857142852 0.07250000000000004
0 0.30171875000000004 0.7183705357142857 0.08093749999999998 0.0765624999999999
0 0.8406473214285715 0.7566964285714286 0.07102678571428582 0.0667857142857142
0 0.65609375 0.8281026785714286 0.06441964285714288 0.06272321428571434
0 0.26542410714285714 0.41828125 0.07325892857142856 0.07352678571428571
0 0.9845089285714286 0.5516741071428571 0.030982142857142847 0.06388392857142852
0 0.6260937499999999 0.06515625 0.03808035714285702 0.04263392857142857
0 0.3980580357142857 0.7670089285714285 0.04334821428571432 0.03794642857142857
0 0.4499107142857143 0.8615625 0.08357142857142856 0.07500000000000005
0 0.7506696428571428 0.3899330357142857 0.039464285714285605 0.03549107142857138
0 0.10287946428571428 0.057299107142857145 0.07004464285714285 0.06700892857142857
0 0.4231473214285714 0.1808705357142857 0.06531249999999998 0.061294642857142874