0 0.32914414414414417 0.32855855855855853 0.07117117117117122 0.06711711711711714
0 0.14655405405405408 0.36822072072072076 0.07085585585585587 0.07346846846846848
0 0.16549549549549547 0.039527027027027026 0.07531531531531531 0.0722972972972973
0 0.3829054054054054 0.018963963963963965 0.07346846846846848 0.03792792792792793
0 0.5453603603603604 0.8229279279279279 0.03405405405405407 0.033513513513513504
0 0.01463963963963964 0.3783783783783784 0.02927927927927928 0.028828828828828854
0 0.08936936936936937 0.4962612612612612 0.03198198198198199 0.03018018018018013
0 0.013671171171171172 0.6879504504504504 0.027342342342342344 0.05635135135135131
0 0.39725225225225225 0.7085585585585586 0.04144144144144139 0.04099099099099109
0 0.7459009009009008 0.26693693693693693 0.04234234234234224 0.043693693693693705
0 0.7138288288288288 0.49905405405405406 0.045315315315315324 0.041531531531531524
0 0.8129954954954954 0.32166666666666666 0.04400900900900893 0.04504504504504504
0 0.6474774774774774 0.9448648648648649 0.06936936936936927 0.06981981981981981
0 0.2813963963963964 0.7022747747747747 0.05792792792792796 0.061216216216216104
0 0.546036036036036 0.6104054054054053 0.053873873873873906 0.054864864864864894
0 0.9226126126126126 0.7135585585585585 0.07099099099099095 0.07108108108108095
0 0.14299549549549548 0.913108108108108 0.06986486486486487 0.06936936936936927
0 0.05135135135135135 0.8207207207207207 0.05225225225225226 0.05495495495495491
0 0.5802252252252252 0.3469144144144144 0.08099099099099101 0.07914414414414411
0 0.8859234234234233 0.5272297297297297 0.06509009009009004 0.06806306306306313
0 0.8832432432432433 0.09247747747747748 0.06774774774774785 0.0645945945945946
0 0.060405405405405406 0.18222972972972976 0.033783783783783786 0.03283783783783786
0 0.30576576576576575 0.1443918918918919 0.03585585585585586 0.032027027027027026
0 0.4568018018018018 0.2577027027027027 0.025675675675675625 0.02792792792792794
0 0.46391891891891895 0.5346171171171171 0.02837837837837843 0.029774774774774835
0 0.7013513513513514 0.12801801801801801 0.035135135135135186 0.042522522522522525
0 0.24583333333333332 0.4975675675675676 0.02725225225225224 0.027387387387387444
0 0.651509009009009 0.8125900900900901 0.031216216216216248 0.03337837837837849
0 0.78509009009009 0.7959009009009009 0.033513513513513504 0.038918918918918854