0 0.8091304347826088 0.891906976744186 0.10426086956521748 0.10353488372093018
0 0.07369565217391304 0.45481395348837206 0.04591304347826088 0.04702325581395355
0 0.42682608695652174 0.5448604651162791 0.06139130434782611 0.06348837209302328
0 0.8524347826086957 0.31479069767441864 0.0700000000000001 0.08604651162790698
0 0.6930869565217391 0.3155581395348837 0.041826086956521756 0.04479069767441858
0 0.932282608695652 0.6403023255813954 0.05821739130434777 0.05744186046511639
0 0.24767391304347827 0.9216744186046512 0.10508695652173917 0.10641860465116278
0 0.4996739130434783 0.296953488372093 0.0651739130434783 0.06646511627906973
0 0.22932608695652174 0.43648837209302327 0.07665217391304346 0.07902325581395353
0 0.5265434782608696 0.8854418604651163 0.08465217391304347 0.08288372093023252
0 0.18843478260869567 0.6761627906976744 0.0679130434782609 0.06637209302325572
0 0.7272391304347825 0.5691395348837209 0.09004347826086948 0.09483720930232552