0 0.24424778761061944 0.3948672566371682 0.09424778761061946 0.08584070796460179
0 0.465929203539823 0.5094690265486725 0.08274336283185836 0.10530973451327438
0 0.43296460176991153 0.9816150442477876 0.0769911504424779 0.03676991150442479
0 0.754424778761062 0.7588053097345133 0.08893805309734523 0.08849557522123894
0 0.6814159292035398 0.9778761061946902 0.0752212389380531 0.04424778761061947
0 0.8734513274336283 0.9787389380530973 0.07300884955752213 0.04252212389380537
0 0.6177876106194691 0.43805309734513276 0.07743362831858407 0.09159292035398225
0 0.941150442477876 0.023141592920353983 0.06814159292035388 0.046283185840707966
0 0.5528761061946902 0.07548672566371682 0.06858407079646012 0.07079646017699115
0 0.486283185840708 0.7471238938053097 0.07256637168141596 0.07389380530973447
0 0.0309070796460177 0.031327433628318586 0.0618141592920354 0.06265486725663717
0 0.867853982300885 0.5657522123893806 0.034646017699114975 0.03460176991150446
0 0.29336283185840706 0.7632300884955752 0.08185840707964602 0.08495575221238932
0 0.7915929203539823 0.40199115044247785 0.07610619469026543 0.10398230088495575
0 0.32486725663716814 0.022035398230088498 0.07300884955752213 0.044070796460176996
0 0.02842920353982301 0.531150442477876 0.05685840707964602 0.07610619469026543