0 0.6894791666666668 0.5333333333333333 0.062125000000000104 0.05783333333333331
0 0.7727499999999999 0.19339583333333335 0.06858333333333325 0.06545833333333337
0 0.2892708333333333 0.3688958333333333 0.0544583333333333 0.051874999999999956
0 0.5949583333333333 0.09079166666666666 0.07808333333333337 0.07866666666666665
0 0.36756249999999996 0.2359166666666667 0.06787499999999996 0.0700833333333333
0 0.15664583333333332 0.28835416666666663 0.05687500000000001 0.052958333333333364
0 0.03483333333333334 0.6837083333333334 0.06925 0.06933333333333327
0 0.15216666666666664 0.44706250000000003 0.07933333333333331 0.08229166666666667
0 0.38062500000000005 0.5882916666666667 0.07091666666666671 0.07141666666666661
0 0.10720833333333334 0.118375 0.08266666666666665 0.08558333333333333
0 0.3770208333333334 0.43422916666666667 0.07154166666666674 0.06987500000000005
0 0.8228333333333333 0.48691666666666666 0.034166666666666616 0.03250000000000005
0 0.873875 0.4465 0.03208333333333328 0.03333333333333333
0 0.7824166666666666 0.4792083333333333 0.029999999999999954 0.02958333333333331
0 0.5123541666666667 0.012041666666666668 0.08804166666666664 0.024083333333333335
0 0.3095625 0.0134375 0.07862500000000001 0.026875
0 0.5551875000000001 0.32985416666666667 0.04037499999999999 0.039958333333333346
0 0.7741875 0.5447916666666667 0.041458333333333285 0.03783333333333332
0 0.8357291666666666 0.04577083333333333 0.04879166666666658 0.047958333333333325
0 0.5761458333333334 0.570375 0.043958333333333384 0.04149999999999991
0 0.41860416666666667 0.12450000000000001 0.052291666666666715 0.04400000000000001
0 0.8788541666666667 0.2986666666666667 0.049458333333333354 0.04641666666666661