0 0.423875 0.5432083333333334 0.04624999999999998 0.042499999999999954
0 0.978625 0.41320833333333334 0.04274999999999996 0.057500000000000044
0 0.988125 0.6683333333333333 0.02374999999999995 0.0650000000000001
0 0.08729166666666667 0.24770833333333334 0.05666666666666667 0.05416666666666667
0 0.3310416666666667 0.32583333333333336 0.05 0.049583333333333354
0 0.8355 0.48470833333333335 0.04949999999999998 0.05249999999999998
0 0.6314583333333333 0.5958333333333333 0.05041666666666676 0.05
0 0.48262499999999997 0.7600833333333333 0.050416666666666644 0.049583333333333236
0 0.242625 0.6365416666666667 0.05708333333333331 0.05666666666666676
0 0.1385 0.043875 0.05249999999999999 0.05291666666666666
0 0.3732916666666667 0.12925 0.06208333333333336 0.06208333333333333
0 0.8312083333333333 0.08691666666666667 0.057500000000000044 0.058333333333333334
0 0.9690833333333333 0.2525 0.061833333333333226 0.06666666666666664
0 0.6662291666666668 0.3091458333333333 0.055875000000000105 0.05837499999999996