0 0.0725 0.35398706896551724 0.03612068965517243 0.03331896551724133
0 0.5096336206896551 0.19881465517241378 0.12245689655172412 0.13159482758620691
0 0.12454741379310347 0.23273706896551724 0.10487068965517242 0.10607758620689654
0 0.4773922413793104 0.7109913793103447 0.08926724137931039 0.08844827586206888
0 0.23165948275862072 0.8223491379310345 0.08866379310344824 0.08668103448275868
0 0.7988793103448276 0.3904310344827586 0.10129310344827586 0.11956896551724142
0 0.34625 0.3815301724137931 0.0514655172413793 0.05159482758620689
0 0.38961206896551726 0.8860344827586207 0.04913793103448278 0.046982758620689555
0 0.882478448275862 0.6156465517241378 0.05228448275862067 0.05318965517241368
0 0.9676724137931034 0.1400862068965517 0.06465517241379311 0.11206896551724138
0 0.30015086206896546 0.6505603448275863 0.05581896551724136 0.053017241379310395
0 0.8934698275862069 0.2875431034482759 0.05866379310344833 0.0536206896551724
0 0.019655172413793102 0.13213362068965517 0.03775862068965517 0.03737068965517242