0 0.3750854700854701 0.8995726495726496 0.07606837606837612 0.07350427350427345
0 0.864145299145299 0.7466025641025642 0.03564102564102553 0.041666666666666664
0 0.8350427350427351 0.5694444444444444 0.07948717948717958 0.08247863247863253
0 0.3717948717948718 0.46153846153846156 0.07692307692307693 0.06752136752136757
0 0.15324786324786324 0.6322649572649572 0.07435897435897437 0.06923076923076918
0 0.5171367521367521 0.6864529914529914 0.06965811965811965 0.06623931623931624
0 0.46294871794871795 0.607991452991453 0.03247863247863245 0.02948717948717939
0 0.6457478632478632 0.41243589743589737 0.06705128205128204 0.0657264957264957
0 0.6742307692307693 0.894017094017094 0.0811965811965812 0.07777777777777772
0 0.8901282051282052 0.030598290598290598 0.034615384615384714 0.03162393162393162
0 0.18873931623931628 0.9529273504273503 0.0775641025641026 0.07756410256410247