0 0.1881473214285714 0.8686383928571428 0.04227678571428571 0.03665178571428562
0 0.6894642857142858 0.09674107142857144 0.03714285714285711 0.03696428571428572
0 0.022656249999999996 0.47343750000000007 0.04406249999999999 0.04946428571428577
0 0.976361607142857 0.9418080357142857 0.04691964285714282 0.04486607142857148
0 0.7668303571428572 0.125 0.04625000000000006 0.04669642857142859
0 0.7953794642857143 0.01435267857142857 0.056741071428571335 0.02825892857142857
0 0.19691964285714286 0.023616071428571434 0.042946428571428594 0.04455357142857143
0 0.3147098214285714 0.45473214285714286 0.06995535714285712 0.07035714285714281
0 0.6092410714285714 0.4750223214285714 0.06723214285714287 0.06674107142857137
0 0.7245089285714286 0.4797991071428571 0.06598214285714274 0.062276785714285667
0 0.5589955357142857 0.08089285714285713 0.06906250000000005 0.06714285714285714
0 0.22772321428571432 0.9547544642857142 0.07223214285714288 0.06933035714285703
0 0.6233035714285714 0.23453125 0.04785714285714298 0.04799107142857143
0 0.08310267857142857 0.03412946428571429 0.06763392857142857 0.06691964285714286
0 0.4298660714285715 0.29752232142857143 0.06776785714285717 0.06754464285714283
0 0.9613169642857143 0.11002232142857145 0.0640625000000001 0.061294642857142874
0 0.7339732142857143 0.23484375000000002 0.06821428571428559 0.0670089285714286
0 0.18250000000000002 0.14828124999999998 0.062410714285714305 0.06388392857142858
0 0.4330580357142857 0.4747098214285714 0.0751339285714285 0.07816964285714281
0 0.9024330357142858 0.35314732142857147 0.06433035714285726 0.061116071428571415
0 0.031138392857142854 0.20261160714285717 0.05066964285714285 0.04816964285714282
0 0.053392857142857145 0.9602678571428571 0.04642857142857142 0.04241071428571429