0 0.9759615384615384 0.5285714285714286 0.04807692307692308 0.12857142857142856
0 0.45052884615384614 0.2601428571428572 0.04807692307692308 0.07571428571428569
0 0.7591346153846155 0.19060714285714284 0.06394230769230774 0.1079285714285714
0 0.321875 0.11392857142857142 0.052884615384615384 0.06857142857142857
0 0.5251923076923076 0.8022142857142858 0.06480769230769226 0.08628571428571437
0 0.46848557692307696 0.056607142857142856 0.08831730769230771 0.11321428571428571
0 0.5444711538461539 0.5946428571428571 0.0656730769230769 0.09285714285714286
0 0.6791346153846155 0.67625 0.09846153846153854 0.14550000000000005
0 0.8968749999999999 0.6000714285714286 0.0877884615384615 0.1297142857142857
0 0.44129807692307693 0.9501785714285714 0.10442307692307692 0.09964285714285706
0 0.09908653846153846 0.8064285714285715 0.1001923076923077 0.13871428571428582
0 0.9583894230769231 0.23485714285714282 0.08264423076923076 0.12471428571428575