0 0.46915966386554625 0.8280252100840336 0.05378151260504206 0.05210084033613436
0 0.34655462184873953 0.8377521008403361 0.047226890756302556 0.04970588235294111
0 0.05672268907563025 0.9810924369747899 0.05042016806722689 0.037815126050420166
0 0.11243697478991599 0.8904201680672269 0.05462184873949581 0.055882352941176515
0 0.2272268907563025 0.9541386554621849 0.056470588235294106 0.05558823529411772
0 0.3937394957983193 0.9395588235294118 0.06092436974789916 0.059285714285714344
0 0.7399579831932773 0.9259033613445379 0.05168067226890761 0.052983193277310985
0 0.5063445378151261 0.9574159663865546 0.0474789915966387 0.0478571428571428
0 0.3857142857142857 0.17731092436974788 0.04789915966386557 0.04033613445378149
0 0.21239495798319327 0.8445798319327732 0.02857142857142856 0.02857142857142862
0 0.5615336134453782 0.2335714285714286 0.049201680672268884 0.04705882352941178
0 0.6774789915966387 0.30184873949579827 0.04411764705882353 0.04495798319327726
0 0.9239915966386555 0.12411764705882353 0.05369747899159653 0.05336134453781514
0 0.7696008403361344 0.20794117647058824 0.05079831932773099 0.0495798319327731
0 0.646890756302521 0.06865546218487395 0.055882352941176515 0.05336134453781512
0 0.49016806722689077 0.08021008403361345 0.04907563025210087 0.04705882352941176
0 0.2797058823529412 0.11529411764705881 0.05084033613445376 0.048319327731092425
0 0.7911764705882354 0.3221428571428572 0.058823529411764705 0.058823529411764705
0 0.8705882352941176 0.5257142857142857 0.047058823529411715 0.04663865546218485
0 0.04308823529411764 0.44317226890756306 0.04962184873949581 0.04920168067226894
0 0.021974789915966388 0.6313865546218488 0.043949579831932775 0.0474789915966387
0 0.16210084033613445 0.61390756302521 0.05310924369747899 0.05369747899159653
0 0.09016806722689076 0.6992857142857143 0.05294117647058824 0.05294117647058833
0 0.26516806722689074 0.778235294117647 0.057563025210084016 0.05378151260504206
0 0.38649159663865545 0.6020588235294118 0.058109243697479045 0.057983193277310975
0 0.6057773109243697 0.7968487394957984 0.05651260504201676 0.055882352941176515
0 0.9894957983193278 0.5315126050420168 0.02100840336134454 0.0546218487394958
0 0.3354201680672269 0.7290336134453782 0.037815126050420166 0.034033613445378245
0 0.28403361344537814 0.5080672268907563 0.05504201680672267 0.05168067226890761
0 0.8048739495798319 0.44460084033613445 0.04067226890756306 0.03852941176470583
0 0.20357142857142857 0.4798319327731092 0.03319327731092439 0.030252100840336086