0 0.6363541666666667 0.5162083333333334 0.04137500000000003 0.04233333333333332
0 0.8031666666666666 0.028833333333333332 0.08108333333333324 0.057666666666666665
0 0.8622916666666668 0.5685625 0.08608333333333344 0.08745833333333337
0 0.477125 0.5472916666666666 0.09258333333333332 0.08066666666666672
0 0.8477916666666666 0.3302083333333333 0.049249999999999974 0.04750000000000002
0 0.5737291666666666 0.37106249999999996 0.041958333333333306 0.040291666666666615
0 0.7475625 0.14806249999999999 0.07262500000000002 0.06429166666666668
0 0.8862916666666667 0.04937500000000001 0.04083333333333338 0.047499999999999994
0 0.10812500000000001 0.3346458333333333 0.038749999999999986 0.03587500000000006
0 0.9138749999999999 0.41322916666666665 0.036249999999999956 0.038375000000000034
0 0.9738749999999999 0.4528125 0.03208333333333328 0.0324583333333333
0 0.9882708333333333 0.6035416666666666 0.023458333333333314 0.030416666666666713