0 0.018915929203539825 0.4986504424778761 0.037566371681415925 0.048539823008849556
0 0.7963716814159292 0.1802433628318584 0.05318584070796452 0.05146017699115042
0 0.4828982300884956 0.9555973451327434 0.06871681415929204 0.05676991150442471
0 0.017190265486725666 0.07825221238938054 0.033849557522123895 0.04323008849557521
0 0.02066371681415929 0.19878318584070795 0.04035398230088496 0.036946902654867234
0 0.3057300884955752 0.9194026548672566 0.0529646017699115 0.05331858407079651
0 0.30805309734513275 0.25829646017699115 0.06407079646017698 0.058539823008849544
0 0.7130088495575222 0.1704867256637168 0.03415929203539835 0.033274336283185824
0 0.46772123893805306 0.5852654867256638 0.06163716814159295 0.06017699115044252
0 0.7840044247787611 0.6926327433628319 0.061194690265486656 0.06225663716814156
0 0.16210176991150443 0.8013495575221239 0.06305309734513274 0.05641592920353982
0 0.019070796460176988 0.596858407079646 0.038141592920353976 0.04575221238938042
0 0.07121681415929203 0.04393805309734513 0.04871681415929203 0.04353982300884956
0 0.15515486725663716 0.5033185840707964 0.06907079646017698 0.06353982300884962
0 0.983716814159292 0.7956637168141593 0.03256637168141599 0.04601769911504415
0 0.3969469026548672 0.14668141592920353 0.04026548672566369 0.03938053097345134
0 0.24176991150442478 0.4100442477876106 0.04300884955752212 0.044513274336283194
0 0.7522123893805309 0.9800884955752213 0.048672566371681415 0.03982300884955752
0 0.8241592920353982 0.6007964601769912 0.0420353982300885 0.03893805309734518
0 0.5935840707964603 0.3469690265486725 0.06477876106194684 0.06588495575221233
0 0.4890929203539823 0.18871681415929203 0.04535398230088496 0.04584070796460177