0 0.5598514851485148 0.34336633663366334 0.06643564356435637 0.06376237623762374
0 0.7024752475247525 0.30554455445544554 0.05792079207920786 0.054455445544554455
0 0.3245792079207921 0.041039603960396034 0.0743069306930693 0.06287128712871287
0 0.3465346534653465 0.2913366336633663 0.08019801980198017 0.08069306930693068
0 0.12341584158415841 0.21574257425742577 0.06831683168316831 0.07623762376237626
0 0.5005940594059406 0.7777722772277228 0.0772277227722772 0.07782178217821796
0 0.8474257425742575 0.07326732673267328 0.0658415841584159 0.07029702970297029
0 0.5976980198019802 0.16425742574257426 0.0509405940594059 0.048019801980198035
0 0.7283663366336633 0.977920792079208 0.0362376237623762 0.03574257425742588
0 0.6776237623762376 0.6857920792079208 0.06386138613861375 0.06386138613861375
0 0.10876237623762376 0.6631930693069307 0.0688118811881188 0.07529702970297027