0 0.09512931034482759 0.1868534482758621 0.05043103448275863 0.04525862068965517
0 0.6437931034482758 0.9598491379310345 0.04913793103448266 0.046508620689655264
0 0.889698275862069 0.5146551724137931 0.0603448275862069 0.06465517241379311
0 0.9219827586206896 0.3233620689655172 0.07551724137931026 0.07448275862068966
0 0.4783836206896552 0.1285344827586207 0.07883620689655169 0.0713793103448276
0 0.6326293103448275 0.1620689655172414 0.05586206896551715 0.057758620689655184
0 0.821293103448276 0.07672413793103448 0.0521551724137932 0.053362068965517255
0 0.3996551724137931 0.3899568965517241 0.05844827586206897 0.056896551724137885
0 0.34099137931034484 0.15892241379310346 0.04439655172413798 0.03965517241379311
0 0.786853448275862 0.8020258620689655 0.08275862068965513 0.07862068965517245
0 0.6751293103448276 0.5694827586206896 0.09517241379310339 0.09672413793103447
0 0.39709051724137934 0.6674353448275862 0.11012931034482763 0.09702586206896548
0 0.09872844827586208 0.9206681034482759 0.13107758620689652 0.12331896551724143
0 0.5250431034482759 0.38903017241379306 0.09267241379310345 0.08840517241379306
0 0.784396551724138 0.24872844827586207 0.09500000000000008 0.09392241379310341
0 0.02560344827586207 0.3726293103448276 0.05120689655172414 0.09267241379310345
0 0.12812500000000002 0.6166379310344827 0.10090517241379308 0.10655172413793115
0 0.44788793103448277 0.26517241379310347 0.047844827586206874 0.04956896551724141
0 0.260301724137931 0.5056681034482758 0.05301724137931036 0.054784482758620724
0 0.6799137931034482 0.3845689655172414 0.056896551724137885 0.05043103448275857
0 0.8256465517241378 0.6029310344827586 0.059051724137930986 0.05387931034482758
0 0.9691810344827586 0.776853448275862 0.053017241379310395 0.05258620689655168
0 0.538405172413793 0.880603448275862 0.06379310344827585 0.06336206896551719
0 0.38258620689655176 0.8991379310344827 0.04956896551724138 0.046982758620689555
0 0.28183189655172414 0.6416810344827585 0.05392241379310344 0.05129310344827576
0 0.19198275862068964 0.7431896551724139 0.04741379310344827 0.046551724137931086