0 0.4611160714285715 0.22035714285714286 0.06375 0.05821428571428568
0 0.41433035714285715 0.5307366071428572 0.035982142857142865 0.03441964285714289
0 0.12448660714285716 0.9487723214285715 0.044955357142857144 0.04316964285714293
0 0.6044866071428572 0.6412723214285715 0.059419642857142865 0.054330357142857215
0 0.8017410714285714 0.5791964285714286 0.05651785714285725 0.05366071428571427
0 0.6685044642857143 0.45988839285714284 0.07441964285714293 0.06388392857142858
0 0.23904017857142854 0.40390624999999997 0.03950892857142855 0.03647321428571423
0 0.20883928571428573 0.7947321428571429 0.10098214285714288 0.0923214285714286
0 0.09446428571428571 0.33819196428571435 0.09116071428571429 0.08477678571428575
0 0.9526339285714285 0.45917410714285717 0.08687499999999991 0.07852678571428573
0 0.48908482142857146 0.77578125 0.04504464285714287 0.042276785714285836
0 0.5034821428571429 0.9318749999999999 0.09473214285714285 0.09410714285714279
0 0.7432589285714286 0.8159374999999999 0.0815178571428571 0.07741071428571418
0 0.8465848214285715 0.15745535714285713 0.10566964285714293 0.10205357142857142
0 0.9776785714285714 0.8080357142857143 0.044642857142857144 0.0625
0 0.41685267857142855 0.6469196428571429 0.06272321428571434 0.06062499999999993