0 0.8323076923076923 0.25952991452991453 0.085982905982906 0.07735042735042733
0 0.3094230769230769 0.19741452991452993 0.07106837606837604 0.06722222222222224
0 0.7060897435897435 0.20564102564102565 0.047478632478632536 0.04572649572649574
0 0.48538461538461536 0.39626068376068374 0.050940170940170885 0.04448717948717947
0 0.8550427350427351 0.582991452991453 0.04589743589743594 0.041880341880341926
0 0.5502564102564103 0.21628205128205127 0.08888888888888893 0.08948717948717948
0 0.5338461538461539 0.7684188034188034 0.06179487179487183 0.057948717948717955
0 0.0522008547008547 0.32344017094017097 0.0855128205128205 0.08252136752136753
0 0.7948290598290598 0.8460470085470085 0.04410256410256407 0.04123931623931614
0 0.39982905982905975 0.02653846153846154 0.10247863247863244 0.05307692307692308
0 0.1341239316239316 0.016431623931623934 0.07089743589743591 0.03286324786324787
0 0.39371794871794874 0.5687606837606838 0.0931623931623932 0.09538461538461536
0 0.6466239316239316 0.4311324786324786 0.06760683760683758 0.06790598290598285
0 0.13329059829059828 0.41346153846153844 0.03418803418803417 0.03418803418803419
0 0.7482051282051283 0.6973290598290598 0.07068376068376077 0.0657692307692307