0 0.6126508620689655 0.016185344827586205 0.07099137931034495 0.03237068965517241
0 0.9621982758620691 0.4167672413793103 0.05379310344827594 0.04862068965517242
0 0.7859267241379311 0.6336853448275863 0.042198275862069055 0.03840517241379321
0 0.5980387931034483 0.23519396551724137 0.05435344827586213 0.052801724137931036
0 0.8413793103448277 0.816551724137931 0.04706896551724145 0.04439655172413798
0 0.935926724137931 0.24260775862068965 0.05788793103448279 0.059267241379310345
0 0.06422413793103449 0.4051939655172414 0.06784482758620689 0.06340517241379313
0 0.5459267241379311 0.7316379310344828 0.05883620689655169 0.05896551724137934
0 0.5999353448275863 0.6261206896551724 0.05375000000000012 0.053448275862068864
0 0.20877155172413794 0.3165948275862069 0.06004310344827589 0.053017241379310395
0 0.12262931034482759 0.8499137931034483 0.05060344827586208 0.05017241379310339