0 0.09731481481481481 0.20430555555555557 0.05370370370370371 0.05509259259259262
0 0.24555555555555555 0.6368287037037037 0.0685185185185185 0.06847222222222232
0 0.41222222222222227 0.6632175925925926 0.06944444444444445 0.06199074074074068
0 0.5652314814814815 0.7437962962962963 0.05324074074074074 0.05462962962962968
0 0.8427777777777777 0.7953935185185186 0.04722222222222217 0.05226851851851861
0 0.9030324074074074 0.6287962962962964 0.05837962962962969 0.05833333333333344
0 0.9535185185185185 0.5105092592592593 0.06111111111111106 0.06157407407407413
0 0.7007175925925927 0.5613888888888889 0.07310185185185195 0.059722222222222246
0 0.5292129629629629 0.46074074074074073 0.07824074074074076 0.07129629629629632
0 0.6030555555555556 0.30680555555555555 0.07407407407407407 0.061574074074074094
0 0.8169444444444445 0.37694444444444447 0.08796296296296297 0.07592592592592595
0 0.4833796296296296 0.2676851851851852 0.060648148148148125 0.06111111111111112
0 0.3743518518518518 0.40379629629629626 0.07037037037037032 0.06388888888888894
0 0.20083333333333334 0.4222685185185185 0.06870370370370373 0.07305555555555555
0 0.09981481481481483 0.4211574074074074 0.05185185185185186 0.04768518518518524
0 0.23050925925925925 0.24439814814814814 0.06388888888888887 0.06574074074074075
0 0.39949074074074076 0.16546296296296295 0.0787037037037037 0.07175925925925926
0 0.49833333333333335 0.9400462962962962 0.057407407407407435 0.05416666666666661
0 0.9097222222222222 0.9787037037037037 0.06481481481481481 0.04259259259259254
0 0.032337962962962964 0.07988425925925925 0.06467592592592593 0.07087962962962964
0 0.19960648148148147 0.016921296296296295 0.07736111111111114 0.03384259259259259
0 0.3255324074074074 0.020162037037037037 0.07273148148148152 0.040324074074074075
0 0.6131944444444444 0.15171296296296294 0.07546296296296301 0.06064814814814814
0 0.23037037037037036 0.9648611111111111 0.060648148148148125 0.05787037037037037
0 0.06296296296296297 0.9730787037037038 0.05092592592592594 0.05273148148148142
0 0.5801388888888889 0.5698148148148148 0.03750000000000004 0.037037037037037035
0 0.03962962962962963 0.27055555555555555 0.05314814814814815 0.04407407407407406
0 0.10210648148148148 0.03979166666666667 0.05421296296296297 0.05652777777777778
0 0.7476851851851852 0.8833333333333333 0.04074074074074079 0.038888888888888785
0 0.16912037037037037 0.5426851851851852 0.04537037037037036 0.04120370370370373
0 0.055462962962962964 0.6051851851851852 0.04305555555555557 0.04212962962962967
0 0.05631944444444444 0.4871990740740741 0.046620370370370375 0.04967592592592588
0 0.7244212962962963 0.30125 0.05837962962962969 0.054629629629629646
0 0.8215277777777777 0.5912037037037037 0.055092592592592485 0.05462962962962962
0 0.08893518518518519 0.12333333333333334 0.037037037037037035 0.037037037037037035