0 0.10784313725490197 0.43044117647058827 0.056372549019607844 0.05509803921568632
0 0.4857843137254902 0.2849509803921568 0.05529411764705883 0.055490196078431336
0 0.4965196078431372 0.44053921568627447 0.05088235294117645 0.04754901960784308
0 0.38392156862745097 0.913799019607843 0.054607843137254836 0.052401960784313716
0 0.2316666666666667 0.5779166666666667 0.06049019607843139 0.06014705882352946
0 0.6129901960784313 0.4394362745098039 0.053725490196078474 0.050833333333333355
0 0.5655882352941176 0.9800980392156863 0.06882352941176467 0.03950980392156864
0 0.7874019607843137 0.8413970588235293 0.05539215686274515 0.05583333333333327
0 0.6656127450980394 0.8854656862745099 0.056225490196078566 0.05691176470588242
0 0.3770343137254902 0.2099264705882353 0.06593137254901955 0.0709313725490196
0 0.8184558823529412 0.4096078431372549 0.06514705882352952 0.06509803921568628
0 0.1218872549019608 0.11264705882352939 0.05583333333333334 0.05470588235294116
0 0.26105392156862745 0.029338235294117655 0.06181372549019608 0.05681372549019608
0 0.7869362745098039 0.3280637254901961 0.040147058823529404 0.03848039215686272
0 0.84625 0.01232843137254902 0.05299019607843138 0.02426470588235294
0 0.9100490196078431 0.3548529411764706 0.040392156862745145 0.0383333333333333
0 0.7422794117647058 0.583406862745098 0.07024509803921561 0.06632352941176471
0 0.8737990196078431 0.6417647058823529 0.0638725490196077 0.05970588235294121
0 0.054632352941176465 0.6985049019607843 0.05897058823529412 0.0561274509803921
0 0.2130392156862745 0.7971323529411766 0.05921568627450979 0.057009803921568604
0 0.2671813725490196 0.1674019607843137 0.0458333333333333 0.04382352941176469
0 0.5065196078431373 0.6622303921568627 0.05539215686274515 0.05210784313725488
0 0.2878186274509804 0.3202696078431373 0.05887254901960783 0.0579901960784314
0 0.961593137254902 0.7997303921568627 0.05936274509803928 0.0561274509803921
0 0.9444852941176471 0.03754901960784314 0.05730392156862744 0.05225490196078431
0 0.3072549019607843 0.5349509803921568 0.04068627450980391 0.039705882352941146
0 0.39426470588235296 0.5139950980392157 0.06294117647058825 0.06573529411764704
0 0.767843137254902 0.9600980392156861 0.054411764705882465 0.053431372549019494
0 0.4718382352941176 0.8260539215686273 0.042794117647058774 0.04053921568627442
0 0.40855392156862746 0.7445098039215687 0.05691176470588242 0.05254901960784327
0 0.6932107843137256 0.044044117647058824 0.05593137254901973 0.05504901960784314