0 0.0636590909090909 0.741659090909091 0.06268181818181817 0.06122727272727285
0 0.012 0.3338181818181818 0.024 0.02727272727272727
0 0.04995454545454545 0.10486363636363637 0.040454545454545465 0.03999999999999999
0 0.3517954545454546 0.3324090909090909 0.028227272727272764 0.0277272727272727
0 0.38077272727272726 0.7437727272727273 0.029090909090909115 0.029090909090908987
0 0.8035 0.9704545454545455 0.032272727272727376 0.032272727272727376
0 0.990909090909091 0.8 0.01818181818181818 0.05
0 0.9126363636363637 0.41781818181818176 0.04409090909090904 0.04409090909090904
0 0.7439545454545454 0.5441818181818182 0.050909090909090855 0.04863636363636358
0 0.596 0.541 0.032272727272727314 0.030454545454545404
0 0.2776818181818182 0.6890000000000001 0.031818181818181815 0.032272727272727376
0 0.79475 0.4445 0.039499999999999987 0.03845454545454549
0 0.41188636363636366 0.3856136363636363 0.041590909090909116 0.04149999999999998
0 0.1628181818181818 0.9484999999999999 0.038636363636363635 0.039545454545454495
0 0.8999772727272728 0.7374090909090909 0.06695454545454553 0.06763636363636362
0 0.6686818181818183 0.3759090909090909 0.06327272727272734 0.059636363636363654
0 0.84075 0.5307272727272727 0.06822727272727269 0.06272727272727278
0 0.5686818181818181 0.6927954545454545 0.05818181818181817 0.0571363636363636
0 0.6110454545454546 0.8743181818181818 0.06190909090909093 0.06336363636363636
0 0.3293636363636364 0.8093863636363636 0.06672727272727276 0.06331818181818184
0 0.5180681818181818 0.4612045454545455 0.06768181818181812 0.0699545454545454
0 0.6633409090909091 0.5017499999999999 0.06386363636363641 0.06368181818181815
0 0.2615909090909091 0.8904772727272727 0.059636363636363626 0.05622727272727275
0 0.2834318181818182 0.37677272727272726 0.06595454545454545 0.0722727272727273
0 0.10072727272727273 0.4360454545454545 0.07345454545454547 0.07318181818181815
0 0.3950681818181819 0.6514772727272726 0.06286363636363643 0.06659090909090899
0 0.39586363636363636 0.9538409090909091 0.04327272727272732 0.04159090909090899
0 0.5128863636363636 0.7577727272727273 0.03550000000000001 0.033454545454545515
0 0.24179545454545454 0.5833863636363636 0.04040909090909091 0.04131818181818177
0 0.749090909090909 0.8253863636363636 0.07481818181818173 0.07022727272727268
0 0.020863636363636362 0.5695454545454546 0.041727272727272724 0.06927272727272732
0 0.5395909090909091 0.9339318181818183 0.03690909090909093 0.036045454545454575
0 0.4521590909090909 0.8662500000000001 0.038227272727272714 0.04050000000000011
0 0.3435909090909091 0.5201363636363636 0.04154545454545448 0.0391818181818182
0 0.13643181818181818 0.8359318181818182 0.03568181818181817 0.037863636363636294
0 0.08715909090909091 0.23600000000000002 0.04686363636363637 0.04790909090909087
0 0.7049545454545454 0.6787045454545454 0.04018181818181807 0.0375
0 0.6960000000000001 0.9798181818181818 0.044636363636363606 0.039545454545454495
0 0.8030227272727273 0.7061136363636363 0.03677272727272716 0.03813636363636357
0 0.48504545454545456 0.6079772727272728 0.0374545454545455 0.03459090909090915
0 0.8844772727272727 0.9076136363636362 0.051681818181818204 0.04586363636363625
0 0.11990909090909092 0.6443636363636364 0.045363636363636384 0.04090909090909091
0 0.1638181818181818 0.7114772727272726 0.032363636363636386 0.03731818181818172
0 0.6192272727272728 0.7710227272727272 0.03172727272727281 0.03195454545454533
0 0.540159090909091 0.3415681818181818 0.037318181818181854 0.034954545454545446
0 0.18136363636363637 0.34561363636363635 0.03545454545454544 0.037772727272727284
0 0.9129999999999999 0.6302954545454547 0.03554545454545451 0.03513636363636372
0 0.6330227272727273 0.2908636363636363 0.028954545454545476 0.027363636363636378
0 0.1900681818181818 0.18031818181818182 0.03795454545454543 0.03545454545454544
0 0.45020454545454547 0.5593181818181818 0.03295454545454545 0.030818181818181824