0 0.8831363636363637 0.46565909090909097 0.047363636363636434 0.04568181818181823
0 0.37700000000000006 0.7529090909090909 0.055909090909090964 0.05063636363636358
0 0.581590909090909 0.9809772727272728 0.06954545454545454 0.03804545454545456
0 0.7840681818181818 0.4194090909090909 0.04004545454545456 0.039090909090909065
0 0.21379545454545454 0.7236363636363637 0.06940909090909089 0.06636363636363647
0 0.7830681818181817 0.5359545454545455 0.048409090909090804 0.049
0 0.7685909090909091 0.8915454545454546 0.045454545454545456 0.04681818181818187
0 0.3258636363636364 0.6405909090909091 0.03545454545454551 0.03545454545454551
0 0.4037727272727273 0.5173181818181818 0.04363636363636361 0.04363636363636361
0 0.6797272727272727 0.6305454545454545 0.04781818181818174 0.049272727272727156
0 0.4431363636363636 0.64325 0.0651818181818182 0.06568181818181813
0 0.10247727272727272 0.8395454545454545 0.05686363636363635 0.05909090909090909
0 0.5831363636363636 0.5066136363636363 0.04690909090909088 0.044409090909090954