0 0.8128991596638655 0.03334033613445379 0.06226890756302518 0.05945378151260505
0 0.6714705882352942 0.043676470588235296 0.06495798319327722 0.06331932773109243
0 0.7132563025210084 0.19878151260504204 0.07701680672268901 0.07470588235294118
0 0.6028991596638655 0.6580882352941176 0.06714285714285721 0.062478991596638674
0 0.9056302521008405 0.22810924369747898 0.06974789915966396 0.06781512605042017
0 0.6212184873949581 0.93109243697479 0.08865546218487405 0.07184873949579841
0 0.4833823529411765 0.8583613445378151 0.06424369747899156 0.06361344537815121
0 0.03365546218487395 0.6830882352941176 0.0673109243697479 0.06785714285714275
0 0.1494747899159664 0.6335714285714287 0.06894957983193276 0.0634453781512606
0 0.279453781512605 0.3613025210084033 0.07445378151260504 0.07462184873949576
0 0.3079621848739496 0.6184453781512605 0.06819327731092432 0.0635294117647059
0 0.11623949579831933 0.48172268907563026 0.06861344537815126 0.06798319327731095
0 0.7802310924369747 0.4113655462184874 0.06172268907563024 0.05844537815126049
0 0.7143697478991596 0.5311134453781513 0.06865546218487384 0.06533613445378156
0 0.7961764705882354 0.7990756302521008 0.06067226890756301 0.058235294117647114
0 0.9149579831932773 0.03815126050420168 0.031512605042016806 0.031932773109243695
0 0.14365546218487393 0.12945378151260506 0.0772268907563025 0.07823529411764708
0 0.023382352941176472 0.8091176470588235 0.046764705882352944 0.04596638655462184
0 0.0976890756302521 0.8256302521008403 0.03823529411764706 0.035294117647058726
0 0.4844117647058824 0.3205252100840336 0.06142857142857145 0.05978991596638651
0 0.27105042016806724 0.016974789915966387 0.026218487394957992 0.02579831932773109
0 0.6757563025210085 0.8005252100840335 0.06268907563025217 0.0592016806722688
0 0.9853151260504202 0.5512184873949579 0.029369747899159703 0.05268907563025213
0 0.4989495798319328 0.24588235294117644 0.03495798319327728 0.03336134453781512
0 0.3584663865546218 0.4921638655462185 0.045756302521008346 0.04684873949579834
0 0.21010504201680671 0.27460084033613447 0.04407563025210082 0.04273109243697477
0 0.44735294117647056 0.7035084033613446 0.04537815126050425 0.04222689075630257
0 0.5059873949579833 0.022058823529411766 0.0613865546218488 0.04411764705882353
0 0.9235714285714286 0.09359243697478992 0.05890756302521001 0.05802521008403362
0 0.7932352941176471 0.6213025210084033 0.04058823529411775 0.03806722689075631
0 0.9015546218487396 0.6843487394957983 0.06109243697479 0.05777310924369748
0 0.08289915966386553 0.9163235294117648 0.09756302521008403 0.09012605042016802
0 0.01514705882352941 0.26107142857142857 0.03012605042016807 0.07987394957983192
0 0.47413865546218487 0.982563025210084 0.06777310924369746 0.03478991596638644
0 0.6154411764705884 0.40525210084033614 0.0565966386554623 0.05050420168067231
0 0.26949579831932774 0.8842226890756302 0.07554621848739494 0.0703781512605042
0 0.554327731092437 0.4913655462184874 0.07025210084033619 0.06920168067226891
0 0.7519327731092438 0.71640756302521 0.03495798319327728 0.0340756302521009
0 0.470609243697479 0.5807352941176471 0.06752100840336131 0.06684873949579842
0 0.3458823529411765 0.7671008403361345 0.07478991596638661 0.06680672268907553
0 0.7329411764705882 0.2727941176470588 0.033109243697478974 0.02920168067226889
0 0.19771008403361345 0.4325 0.042815126050420156 0.04382352941176473
0 0.020357142857142855 0.020840336134453782 0.04071428571428571 0.041680672268907565