0 0.17015909090909093 0.1599318181818182 0.03513636363636365 0.04140909090909091
0 0.2691590909090909 0.38438636363636364 0.05986363636363634 0.05850000000000002
0 0.50725 0.31320454545454546 0.04640909090909095 0.04086363636363641
0 0.3454318181818181 0.3370681818181818 0.04095454545454541 0.040409090909090846
0 0.24886363636363637 0.7186363636363637 0.06318181818181821 0.06636363636363647
0 0.9293181818181819 0.5236363636363637 0.04136363636363647 0.04000000000000005
0 0.5255 0.5522045454545454 0.0527272727272727 0.05322727272727276
0 0.9041818181818181 0.22604545454545452 0.0625454545454545 0.06427272727272727
0 0.7011818181818182 0.6533181818181818 0.05954545454545465 0.05909090909090909
0 0.09302272727272727 0.3641590909090909 0.06940909090909092 0.06804545454545453
0 0.6492954545454546 0.07540909090909091 0.06777272727272739 0.06827272727272728
0 0.4724318181818182 0.22368181818181815 0.0642272727272727 0.06445454545454549
0 0.07054545454545455 0.018863636363636364 0.06254545454545454 0.03772727272727273
0 0.4424545454545455 0.4125454545454545 0.045000000000000026 0.04409090909090904