0 0.2754611650485437 0.5586893203883495 0.06606796116504854 0.06213592233009714
0 0.3750242718446602 0.32109223300970874 0.06150485436893198 0.059757281553398066
0 0.8772572815533981 0.7395388349514563 0.06470873786407759 0.061213592233009775
0 0.12684466019417476 0.17521844660194175 0.06621359223300972 0.06597087378640779
0 0.2253640776699029 0.8944174757281553 0.0691747572815534 0.06563106796116495
0 0.018495145631067963 0.2864563106796117 0.036990291262135926 0.04805825242718449
0 0.7591504854368933 0.34264563106796114 0.06334951456310685 0.06412621359223304
0 0.4867233009708738 0.8500728155339806 0.07004854368932042 0.06606796116504861
0 0.6910922330097088 0.808398058252427 0.06878640776699037 0.0644660194174756
0 0.4986165048543689 0.059150485436893205 0.06703883495145632 0.06665048543689321
0 0.017354368932038837 0.8957038834951457 0.03393203883495146 0.06635922330097095
0 0.9683980582524272 0.30837378640776697 0.06252427184466017 0.06684466019417473