0 0.19370283018867923 0.03132075471698113 0.07268867924528301 0.06264150943396227
0 0.984811320754717 0.12438679245283021 0.030377358490566025 0.056603773584905676
0 0.9658962264150944 0.5804245283018867 0.04245283018867924 0.03349056603773582
0 0.02061320754716981 0.9162264150943397 0.04122641509433962 0.054245283018867926
0 0.8823113207547169 0.9655660377358491 0.036320754716981075 0.036792452830188734
0 0.6993396226415094 0.8233962264150944 0.03537735849056604 0.034433962264151
0 0.1933018867924528 0.6728773584905661 0.03537735849056604 0.034433962264151
0 0.11471698113207547 0.4938679245283019 0.04245283018867924 0.049999999999999975
0 0.34731132075471705 0.4147641509433962 0.03915094339622647 0.03820754716981129
0 0.5740566037735849 0.20433962264150943 0.05188679245283019 0.05141509433962267
0 0.4096698113207547 0.040966981132075475 0.0589622641509434 0.05268867924528301
0 0.3113207547169811 0.2997641509433962 0.02830188679245283 0.02405660377358488
0 0.5867924528301887 0.7511792452830188 0.04245283018867924 0.04198113207547159
0 0.3267924528301887 0.21608490566037736 0.03396226415094334 0.031603773584905674
0 0.25254716981132075 0.37278301886792453 0.0279245283018868 0.02707547169811325
0 0.9695754716981133 0.9365566037735849 0.03820754716981143 0.03254716981132065
0 0.6351415094339623 0.698490566037736 0.045754716981132024 0.045283018867924636
0 0.6204716981132075 0.34476415094339624 0.054716981132075515 0.049528301886792456
0 0.8400943396226415 0.625943396226415 0.04245283018867924 0.0330188679245283
0 0.19448113207547169 0.20542452830188682 0.07075471698113207 0.06462264150943398
0 0.32016509433962265 0.08867924528301885 0.06740566037735846 0.0669811320754717
0 0.028136792452830187 0.04950471698113208 0.056273584905660375 0.08683962264150945
0 0.5739622641509434 0.5051650943396226 0.07028301886792448 0.06504716981132072
0 0.44516509433962265 0.7299292452830188 0.06740566037735846 0.06268867924528311
0 0.6025 0.8556132075471697 0.06792452830188682 0.0660377358490566
0 0.7910849056603774 0.3848820754716981 0.07160377358490569 0.06608490566037732
0 0.42933962264150943 0.22834905660377358 0.06650943396226412 0.06132075471698113
0 0.6316509433962265 0.14844339622641511 0.03349056603773596 0.03584905660377359