0 0.7430630630630631 0.8594144144144145 0.08693693693693699 0.07027027027027037
0 0.6564414414414416 0.34518018018018015 0.04099099099099109 0.04099099099099097
0 0.7961711711711712 0.16835585585585586 0.05450450450450461 0.04977477477477476
0 0.7888738738738739 0.9397297297297298 0.03153153153153153 0.032882882882882936
0 0.10662162162162163 0.6149099099099099 0.03423423423423424 0.03243243243243238
0 0.30504504504504504 0.03855855855855856 0.04144144144144142 0.044594594594594604
0 0.5607207207207208 0.5109009009009009 0.052252252252252225 0.052252252252252225
0 0.6916666666666668 0.2368018018018018 0.024774774774774775 0.030180180180180195
0 0.08824324324324324 0.08382882882882883 0.02162162162162161 0.02657657657657657
0 0.1296846846846847 0.8710810810810811 0.0271171171171171 0.025405405405405344
0 0.6746846846846847 0.8019819819819819 0.03333333333333323 0.03243243243243238
0 0.45765765765765765 0.3333333333333333 0.027927927927927875 0.02702702702702703
0 0.40268018018018015 0.35567567567567565 0.02617117117117118 0.024684684684684637
0 0.47319819819819825 0.4092342342342342 0.02837837837837843 0.025675675675675625
0 0.4723873873873874 0.6575225225225225 0.031081081081081107 0.030630630630630682
0 0.3105630630630631 0.4264864864864865 0.02797297297297301 0.026576576576576603
0 0.1743243243243243 0.4048648648648649 0.03738738738738737 0.032882882882882936
0 0.04646396396396396 0.7554504504504505 0.0286936936936937 0.03144144144144152
0 0.014031531531531532 0.6257657657657658 0.028063063063063064 0.030630630630630682
0 0.19567567567567568 0.6088288288288288 0.04504504504504504 0.038288288288288286
0 0.06603603603603604 0.8436936936936937 0.037297297297297305 0.03621621621621631
0 0.20295045045045046 0.8416666666666668 0.039684684684684696 0.04099099099099109
0 0.444009009009009 0.8386936936936937 0.02837837837837843 0.027927927927927875
0 0.38409909909909906 0.7425225225225225 0.03018018018018013 0.02927927927927928
0 0.7668018018018019 0.5669144144144145 0.04189189189189194 0.034729729729729764
0 0.9600000000000001 0.8892342342342343 0.03153153153153153 0.02747747747747758
0 0.12175675675675676 0.10072072072072072 0.05315315315315314 0.0454954954954955
0 0.6786036036036036 0.653963963963964 0.06171171171171166 0.05495495495495491
0 0.1736036036036036 0.7297297297297297 0.07297297297297299 0.062162162162162214
0 0.19083333333333335 0.9786486486486486 0.0296846846846847 0.027927927927927875
0 0.3158333333333333 0.9464414414414414 0.09139639639639636 0.06621621621621616
0 0.5318018018018018 0.8479279279279279 0.07432432432432433 0.06891891891891896
0 0.9680405405405406 0.806036036036036 0.0639189189189189 0.060810810810810814
0 0.8910360360360361 0.6427252252252252 0.07207207207207207 0.07031531531531537
0 0.972972972972973 0.24549549549549549 0.05405405405405406 0.04954954954954955
0 0.8045495495495496 0.3598198198198198 0.07927927927927939 0.06396396396396391
0 0.5284234234234234 0.2604954954954955 0.07477477477477475 0.07792792792792795
0 0.3338288288288288 0.31117117117117116 0.08198198198198194 0.07837837837837841
0 0.23380630630630628 0.4981531531531531 0.072027027027027 0.0649549549549549