0 0.715021186440678 0.46559322033898304 0.028771186440678054 0.02584745762711862
0 0.8644491525423729 0.36470338983050843 0.03050847457627114 0.029661016949152543
0 0.8054237288135594 0.6836440677966101 0.030932203389830555 0.03516949152542378
0 0.23771186440677966 0.8011016949152543 0.026694915254237277 0.027118644067796512
0 0.783686440677966 0.45033898305084746 0.03135593220338973 0.036016949152542374
0 0.27004237288135596 0.2457627118644068 0.02940677966101697 0.029661016949152543
0 0.21750000000000003 0.08114406779661017 0.02771186440677969 0.024999999999999994
0 0.3277966101694915 0.07436440677966102 0.03559322033898307 0.03347457627118643
0 0.06008474576271186 0.1531779661016949 0.028983050847457635 0.030932203389830496
0 0.03351694915254237 0.2635593220338983 0.029237288135593217 0.027118644067796634
0 0.027203389830508476 0.5775 0.03474576271186441 0.03347457627118634
0 0.8567372881355934 0.7142161016949152 0.03483050847457639 0.03597457627118648
0 0.9727542372881357 0.4792372881355932 0.03432203389830518 0.03474576271186436
0 0.5859322033898305 0.26940677966101695 0.036016949152542374 0.03305084745762714
0 0.06483050847457628 0.3905932203389831 0.0423728813559322 0.05466101694915257
0 0.06239406779661018 0.06326271186440678 0.036483050847457635 0.03855932203389831
0 0.21741525423728814 0.5614830508474576 0.03177966101694915 0.028389830508474528
0 0.1176271186440678 0.5352118644067797 0.02796610169491526 0.023305084745762712
0 0.47097457627118644 0.11241525423728814 0.03305084745762717 0.0364406779661017
0 0.8550847457627119 0.04427966101694915 0.028813559322033947 0.03177966101694915
0 0.7133898305084745 0.31207627118644066 0.022881355932203293 0.024152542372881308
0 0.10038135593220338 0.47711864406779664 0.03398305084745761 0.028813559322033947
0 0.7734322033898305 0.1832415254237288 0.026864406779660913 0.025889830508474574
0 0.6469915254237288 0.8324576271186441 0.024576271186440728 0.024576271186440728
0 0.5736652542372882 0.7475 0.028771186440678054 0.02584745762711874
0 0.3817372881355932 0.6631779661016949 0.03389830508474576 0.03177966101694915
0 0.7608050847457628 0.7933474576271186 0.03008474576271196 0.02516949152542372
0 0.7650423728813559 0.7479661016949153 0.03898305084745758 0.0391525423728814
0 0.7430932203389831 0.37033898305084745 0.046610169491525424 0.04745762711864402
0 0.7015677966101694 0.7422033898305085 0.07203389830508475 0.0635593220338983
0 0.9322881355932202 0.689427966101695 0.07584745762711854 0.06902542372881365
0 0.7227542372881357 0.5267372881355933 0.06610169491525433 0.06398305084745766
0 0.9575 0.38033898305084746 0.06694915254237294 0.0635593220338983
0 0.5473728813559322 0.6017372881355931 0.06610169491525428 0.0644067796610169
0 0.3446398305084746 0.5724999999999999 0.062415254237288095 0.056779661016949055
0 0.25453389830508477 0.6843644067796611 0.06271186440677964 0.05847457627118649
0 0.47131355932203384 0.7896610169491526 0.07076271186440673 0.07245762711864416
0 0.11406779661016948 0.8261016949152542 0.0673728813559322 0.06313559322033889
0 0.032288135593220336 0.7913559322033898 0.02923728813559322 0.02754237288135593
0 0.07817796610169492 0.989406779661017 0.024999999999999994 0.0211864406779661
0 0.3775423728813559 0.8536016949152542 0.029661016949152543 0.028389830508474528
0 0.12864406779661017 0.691313559322034 0.03728813559322033 0.036016949152542374
0 0.13330508474576272 0.1978813559322034 0.07754237288135592 0.07796610169491527
0 0.3839406779661017 0.1673728813559322 0.06525423728813562 0.0652542372881356
0 0.587542372881356 0.10762711864406779 0.06822033898305094 0.07118644067796609
0 0.7303389830508475 0.03366525423728814 0.06567796610169492 0.05470338983050847
0 0.6347881355932203 0.02245762711864407 0.02796610169491535 0.029661016949152547
0 0.46995762711864403 0.021610169491525423 0.029661016949152543 0.030508474576271184
0 0.4926059322033899 0.22569915254237288 0.03173728813559326 0.02995762711864404
0 0.6708050847457627 0.19758474576271184 0.028813559322033947 0.02796610169491523
0 0.3871186440677966 0.253093220338983 0.03262711864406775 0.033050847457627104
0 0.3659322033898305 0.34779661016949154 0.03347457627118647 0.03347457627118647
0 0.5563983050847457 0.42279661016949155 0.024576271186440728 0.026694915254237336
0 0.45703389830508473 0.48677966101694914 0.026694915254237336 0.02754237288135593
0 0.8559533898305085 0.6304661016949152 0.030550847457627033 0.029999999999999933