0 0.2184873949579832 0.344327731092437 0.025210084033613446 0.026470588235294166
0 0.3453781512605042 0.25126050420168067 0.025210084033613446 0.022689075630252124
0 0.6610084033613445 0.128781512605042 0.026890756302520913 0.02899159663865547
0 0.009327731092436975 0.11888655462184874 0.01865546218487395 0.03449579831932775
0 0.466344537815126 0.12008403361344537 0.04033613445378149 0.03571428571428571
0 0.20936974789915966 0.21655462184873953 0.038655462184873965 0.037394957983193304
0 0.2613655462184874 0.019978991596638657 0.03617647058823526 0.03995798319327731
0 0.11176470588235295 0.40575630252100836 0.036554621848739505 0.03655462184873945
0 0.39201680672268907 0.5133193277310925 0.0676470588235294 0.059243697478991574
0 0.16302521008403364 0.6028151260504202 0.02815126050420169 0.023949579831932726
0 0.23004201680672268 0.5715126050420168 0.06554621848739493 0.0705882352941177
0 0.08529411764705883 0.6439915966386555 0.07352941176470588 0.06512605042016807
0 0.04254201680672269 0.8386974789915965 0.02584033613445378 0.027647058823529344
0 0.09243697478991597 0.7849579831932773 0.06680672268907563 0.06050420168067217
0 0.15048319327731094 0.7320168067226891 0.028529411764705907 0.028151260504201633
0 0.5546638655462185 0.01050420168067227 0.07218487394957986 0.02100840336134454
0 0.3696638655462185 0.012289915966386554 0.060000000000000005 0.02457983193277311
0 0.18157563025210083 0.10504201680672269 0.05449579831932773 0.05294117647058824
0 0.07493697478991597 0.30857142857142855 0.061386554621848735 0.06134453781512603
0 0.2883613445378151 0.14218487394957982 0.0647058823529412 0.06176470588235295
0 0.8364285714285714 0.07890756302521008 0.06806722689075625 0.06680672268907563
0 0.6281932773109244 0.28626050420168064 0.05084033613445388 0.04873949579831931
0 0.6992226890756302 0.2310084033613445 0.06180672268907554 0.06428571428571428
0 0.5239915966386555 0.3186344537815126 0.06344537815126049 0.05970588235294121
0 0.3572689075630252 0.3742226890756302 0.06109243697478988 0.05659663865546218