0 0.03550420168067227 0.8694747899159664 0.05890756302521008 0.05651260504201676
0 0.03502100840336135 0.16443277310924373 0.06323529411764706 0.05886554621848741
0 0.445609243697479 0.15065126050420166 0.055756302521008445 0.05651260504201682
0 0.39552521008403363 0.38487394957983195 0.061806722689075666 0.06025210084033615
0 0.9804201680672269 0.4692016806722689 0.03546218487394957 0.03302521008403367
0 0.1673529411764706 0.20661764705882352 0.04605042016806726 0.05785714285714284
0 0.9718487394957984 0.8499369747899159 0.04663865546218497 0.044999999999999915
0 0.08842436974789916 0.19710084033613448 0.025000000000000012 0.04462184873949582
0 0.11701680672268908 0.31201680672268906 0.03823529411764705 0.03655462184873945
0 0.8652310924369747 0.21250000000000002 0.05491596638655459 0.051134453781512615
0 0.9567857142857141 0.9822058823529413 0.05894957983193266 0.035168067226890774
0 0.7013235294117648 0.8160294117647059 0.03978991596638667 0.038865546218487396
0 0.8458823529411764 0.9127100840336134 0.07848739495798322 0.06105042016806711
0 0.9782773109243696 0.024012605042016806 0.0434453781512604 0.04802521008403361
0 0.714327731092437 0.4638655462184874 0.055126050420168084 0.05277310924369749
0 0.25407563025210084 0.15569327731092436 0.06470588235294117 0.06407563025210083
0 0.6287394957983192 0.18153361344537813 0.06932773109243698 0.0665126050420168
0 0.1942016806722689 0.9022058823529412 0.06554621848739493 0.05878151260504205
0 0.6400420168067226 0.96109243697479 0.06621848739495795 0.06554621848739506
0 0.85640756302521 0.4029621848739496 0.06878151260504203 0.0661764705882353
0 0.5516176470588235 0.3677731092436975 0.06407563025210083 0.06277310924369747
0 0.4190966386554622 0.8115126050420168 0.051218487394957976 0.04689075630252111
0 0.20911764705882355 0.38649159663865545 0.05823529411764706 0.05474789915966387