0 0.9344117647058824 0.3769902912621359 0.13117647058823526 0.032038834951456284
0 0.6918627450980391 0.2275485436893204 0.2280392156862745 0.05461165048543689
0 0.2526470588235294 0.45618932038834953 0.23980392156862745 0.056553398058252456
0 0.6601960784313726 0.6183252427184466 0.2549019607843137 0.06383495145631064
0 0.9535294117647058 0.22201456310679615 0.09294117647058814 0.03296116504854372
0 0.6413725490196078 0.14315533980582523 0.11960784313725487 0.03349514563106795
0 0.1952941176470588 0.6464077669902912 0.1235294117647059 0.0262135922330096
0 0.39529411764705885 0.5129611650485437 0.10392156862745093 0.02912621359223301
0 0.5325490196078432 0.03223300970873787 0.12549019607843134 0.031067961165048542
0 0.9129411764705883 0.4983495145631068 0.11568627450980404 0.026213592233009737
0 0.6531372549019608 0.4449514563106796 0.12549019607843143 0.03106796116504857
0 0.2358823529411765 0.16519417475728157 0.16666666666666666 0.035436893203883484