0 0.42569565217391303 0.7243478260869565 0.06608695652173908 0.06652173913043483
0 0.5776521739130436 0.6656521739130434 0.06130434782608699 0.06043478260869555
0 0.3261304347826087 0.5977826086956523 0.04782608695652174 0.04608695652173923
0 0.27943478260869564 0.30782608695652175 0.06173913043478259 0.06217391304347828
0 0.9700434782608695 0.30578260869565216 0.05556521739130423 0.05521739130434781
0 0.6938260869565217 0.15486956521739131 0.05173913043478251 0.05173913043478262
0 0.7925217391304348 0.30930434782608696 0.056086956521739034 0.05695652173913041
0 0.6302608695652173 0.7909782608695652 0.07104347826086946 0.06482608695652185
0 0.4314347826086956 0.17471739130434782 0.05791304347826084 0.056391304347826084
0 0.3462608695652174 0.6824565217391304 0.02921739130434782 0.02900000000000007
0 0.13541304347826086 0.6579347826086958 0.03178260869565217 0.031956521739130536
0 0.5758913043478261 0.4919347826086957 0.05082608695652173 0.0509130434782609
0 0.7647391304347826 0.6923695652173912 0.05391304347826077 0.05091304347826078
0 0.8206304347826087 0.903 0.04743478260869576 0.04695652173913049
0 0.8965434782608697 0.5408260869565218 0.06865217391304357 0.07052173913043477
0 0.6956956521739132 0.46234782608695646 0.060000000000000046 0.06052173913043473
0 0.44330434782608696 0.412804347826087 0.07086956521739135 0.06830434782608699
0 0.44352173913043474 0.29869565217391303 0.06347826086956519 0.06173913043478259
0 0.575 0.2710869565217391 0.06391304347826082 0.06304347826086953
0 0.5894782608695652 0.01617391304347826 0.06104347826086966 0.03234782608695652
0 0.1782608695652174 0.9133913043478261 0.05999999999999999 0.05782608695652179
0 0.075 0.8427391304347827 0.05521739130434783 0.05565217391304353
0 0.025543478260869567 0.6596304347826087 0.051086956521739134 0.06091304347826083
0 0.17739130434782607 0.6507391304347827 0.05782608695652173 0.05695652173913053
0 0.28110869565217395 0.7556956521739129 0.05395652173913042 0.05121739130434771
0 0.49830434782608696 0.9353043478260868 0.05695652173913041 0.05826086956521729
0 0.703086956521739 0.9518260869565218 0.05121739130434771 0.05043478260869575
0 0.1373913043478261 0.5075217391304347 0.05913043478260869 0.05913043478260867